0 0#i
[8, 2, 4, 1]
[90, 30, 70, 20]
0
1 1#i
[8, 2, 4, 1]
[90, 30, 70, 20]
0
2 2#i
[8, 2, 4, 1]
[90, 30, 70, 20]
0
3 3#i
[8, 2, 4, 1]
[90, 30, 70, 20]
0
4 4#i
[8, 2, 4, 1]
[90, 30, 70, 20]
0
5 5#i
[8, 2, 4, 1]
[90, 30, 70, 20]
0
6 6#i
[8, 2, 4, 1]
[90, 30, 70, 20]
0
7 7#i
[8, 2, 4, 1]
[90, 30, 70, 20]
0
8 8#i
[8, 2, 4, 1]
[90, 30, 70, 20]
0
9 9#i
[8, 2, 4, 1]
[90, 30, 70, 20]
0
10 10#i
[8, 2, 4, 1]
[90, 30, 70, 20]
0
11 11#i
[8, 2, 4, 1]
[90, 30, 70, 20]
0
12 12#i
[8, 2, 4, 1]
[90, 30, 70, 20]
0
13 13#i
[8, 2, 4, 1]
[90, 30, 70, 20]
0
14 14#i
[8, 2, 4, 1]
[90, 30, 70, 20]
0
15 15#i
[8, 2, 4, 1]
[90, 30, 70, 20]
0
16 16#i
[8, 2, 4, 1]
[90, 30, 70, 20]
0
17 17#i
[8, 2, 4, 1]
[90, 30, 70, 20]
0
18 18#i
[8, 2, 4, 1]
[90, 30, 70, 20]
0
19 19#i
[8, 2, 4, 1]
[90, 30, 70, 20]
0
20 20#i
[8, 2, 4, 1]
[90, 30, 70, 20]
0
21 21#i
[8, 2, 4, 1]
[90, 30, 70, 20]
0
22 22#i
[8, 2, 4, 1]
[90, 30, 70, 20]
0
23 23#i
[8, 2, 4, 1]
[90, 30, 70, 20]
0
24 24#i
[8, 2, 4, 1]
[90, 30, 70, 20]
0
25 25#i
[8, 2, 4, 1]
[90, 30, 70, 20]
0
26 26#i
[8, 2, 4, 1]
[90, 30, 70, 20]
0
27 27#i
[8, 2, 4, 1]
[90, 30, 70, 20]
0
28 28#i
[8, 2, 4, 1]
[90, 30, 70, 20]
0
29 29#i
[8, 2, 4, 1]
[90, 30, 70, 20]
0
30 30#i
[8, 2, 4, 1]
[90, 30, 70, 20]
0
31 31#i
[8, 2, 4, 1]
[90, 30, 70, 20]
0
32 32#i
[8, 2, 4, 1]
[90, 30, 70, 20]
0
33 33#i
[8, 2, 4, 1]
[90, 30, 70, 20]
0
34 34#i
[8, 2, 4, 1]
[90, 30, 70, 20]
0
35 35#i
[8, 2, 4, 1]
[90, 30, 70, 20]
0
36 36#i
[8, 2, 4, 1]
[90, 30, 70, 20]
0
37 37#i
[8, 2, 4, 1]
[90, 30, 70, 20]
0
38 38#i
[8, 2, 4, 1]
[90, 30, 70, 20]
0
39 39#i
[8, 2, 4, 1]
[90, 30, 70, 20]
0
40 40#i
[8, 2, 4, 1]
[90, 30, 70, 20]
0
41 41#i
[8, 2, 4, 1]
[90, 30, 70, 20]
0
42 42#i
[8, 2, 4, 1]
[90, 30, 70, 20]
0
43 43#i
[8, 2, 4, 1]
[90, 30, 70, 20]
0
44 44#i
[8, 2, 4, 1]
[90, 30, 70, 20]
0
45 45#i
[8, 2, 4, 1]
[90, 30, 70, 20]
0
46 46#i
[8, 2, 4, 1]
[90, 30, 70, 20]
0
47 47#i
[8, 2, 4, 1]
[90, 30, 70, 20]
0
48 48#i
[8, 2, 4, 1]
[90, 30, 70, 20]
0
49 49#i
[8, 2, 4, 1]
[90, 30, 70, 20]
0
50 50#i
[8, 2, 4, 1]
[90, 30, 70, 20]
0
51 51#i
[8, 2, 4, 1]
[90, 30, 70, 20]
0
52 52#i
[8, 2, 4, 1]
[90, 30, 70, 20]
0
53 53#i
[8, 2, 4, 1]
[90, 30, 70, 20]
0
54 54#i
[8, 2, 4, 1]
[90, 30, 70, 20]
0
55 55#i
[8, 2, 4, 1]
[90, 30, 70, 20]
0
56 56#i
[8, 2, 4, 1]
[90, 30, 70, 20]
0
57 57#i
[8, 2, 4, 1]
[90, 30, 70, 20]
0
58 58#i
[8, 2, 4, 1]
[90, 30, 70, 20]
0
59 59#i
[8, 2, 4, 1]
[90, 30, 70, 20]
0
60 60#i
[8, 2, 4, 1]
[90, 30, 70, 20]
0
61 61#i
[8, 2, 4, 1]
[90, 30, 70, 20]
0
62 62#i
[8, 2, 4, 1]
[90, 30, 70, 20]
0
63 63#i
[8, 2, 4, 1]
[90, 30, 70, 20]
0
64 64#i
[8, 2, 4, 1]
[90, 30, 70, 20]
0
65 65#i
[8, 2, 4, 1]
[90, 30, 70, 20]
0
66 66#i
[8, 2, 4, 1]
[90, 30, 70, 20]
0
67 67#i
[8, 2, 4, 1]
[90, 30, 70, 20]
0
68 68#i
[8, 2, 4, 1]
[90, 30, 70, 20]
0
69 69#i
[8, 2, 4, 1]
[90, 30, 70, 20]
0
70 70#i
[8, 2, 4, 1]
[90, 30, 70, 20]
0
71 71#i
[8, 2, 4, 1]
[90, 30, 70, 20]
0
72 72#i
[8, 2, 4, 1]
[90, 30, 70, 20]
0
73 73#i
[8, 2, 4, 1]
[90, 30, 70, 20]
0
74 74#i
[8, 2, 4, 1]
[90, 30, 70, 20]
0
75 75#i
[8, 2, 4, 1]
[90, 30, 70, 20]
0
76 76#i
[8, 2, 4, 1]
[90, 30, 70, 20]
0
77 77#i
[8, 2, 4, 1]
[90, 30, 70, 20]
0
78 78#i
[8, 2, 4, 1]
[90, 30, 70, 20]
0
79 79#i
[8, 2, 4, 1]
[90, 30, 70, 20]
0
80 80#i
[8, 2, 4, 1]
[90, 30, 70, 20]
0
81 81#i
[8, 2, 4, 1]
[90, 30, 70, 20]
0
82 82#i
[8, 2, 4, 1]
[90, 30, 70, 20]
0
83 83#i
[8, 2, 4, 1]
[90, 30, 70, 20]
0
84 84#i
[8, 2, 4, 1]
[90, 30, 70, 20]
0
85 85#i
[8, 2, 4, 1]
[90, 30, 70, 20]
0
86 86#i
[8, 2, 4, 1]
[90, 30, 70, 20]
0
87 87#i
[8, 2, 4, 1]
[90, 30, 70, 20]
0
88 88#i
[8, 2, 4, 1]
[90, 30, 70, 20]
0
89 89#i
[8, 2, 4, 1]
[90, 30, 70, 20]
0
90 90#i
[8, 2, 4, 1]
[90, 30, 70, 20]
0
91 91#i
[8, 2, 4, 1]
[90, 30, 70, 20]
0
92 92#i
[8, 2, 4, 1]
[90, 30, 70, 20]
0
93 93#i
[8, 2, 4, 1]
[90, 30, 70, 20]
0
94 94#i
[8, 2, 4, 1]
[90, 30, 70, 20]
0
95 95#i
[8, 2, 4, 1]
[90, 30, 70, 20]
0
96 96#i
[8, 2, 4, 1]
[90, 30, 70, 20]
0
97 97#i
[8, 2, 4, 1]
[90, 30, 70, 20]
0
98 98#i
[8, 2, 4, 1]
[90, 30, 70, 20]
0
99 99#i
[8, 2, 4, 1]
[90, 30, 70, 20]
0
100 100#i
[8, 2, 4, 1]
[90, 30, 70, 20]
0
101 101#i
[8, 2, 4, 1]
[90, 30, 70, 20]
0
102 102#i
[8, 2, 4, 1]
[90, 30, 70, 20]
0
103 103#i
[8, 2, 4, 1]
[90, 30, 70, 20]
0
104 104#i
[8, 2, 4, 1]
[90, 30, 70, 20]
0
105 105#i
[8, 2, 4, 1]
[90, 30, 70, 20]
0
106 106#i
[8, 2, 4, 1]
[90, 30, 70, 20]
0
107 107#i
[8, 2, 4, 1]
[90, 30, 70, 20]
0
108 108#i
[8, 2, 4, 1]
[90, 30, 70, 20]
0
109 109#i
[8, 2, 4, 1]
[90, 30, 70, 20]
0
110 110#i
[8, 2, 4, 1]
[90, 30, 70, 20]
0
111 111#i
[8, 2, 4, 1]
[90, 30, 70, 20]
0
112 112#i
[8, 2, 4, 1]
[90, 30, 70, 20]
0
113 113#i
[8, 2, 4, 1]
[90, 30, 70, 20]
0
114 114#i
[8, 2, 4, 1]
[90, 30, 70, 20]
0
115 115#i
[8, 2, 4, 1]
[90, 30, 70, 20]
0
116 116#i
[8, 2, 4, 1]
[90, 30, 70, 20]
0
117 117#i
[8, 2, 4, 1]
[90, 30, 70, 20]
0
118 118#i
[8, 2, 4, 1]
[90, 30, 70, 20]
0
119 119#i
[8, 2, 4, 1]
[90, 30, 70, 20]
0
120 120#i
[8, 2, 4, 1]
[90, 30, 70, 20]
0
121 121#i
[8, 2, 4, 1]
[90, 30, 70, 20]
0
122 122#i
[8, 2, 4, 1]
[90, 30, 70, 20]
0
123 123#i
[8, 2, 4, 1]
[90, 30, 70, 20]
0
124 124#i
[8, 2, 4, 1]
[90, 30, 70, 20]
0
125 125#i
[8, 2, 4, 1]
[90, 30, 70, 20]
0
126 126#i
[8, 2, 4, 1]
[90, 30, 70, 20]
0
127 127#i
[8, 2, 4, 1]
[90, 30, 70, 20]
0
128 128#i
[8, 2, 4, 1]
[90, 30, 70, 20]
0
129 129#i
[8, 2, 4, 1]
[90, 30, 70, 20]
0
130 130#i
[8, 2, 4, 1]
[90, 30, 70, 20]
0
131 131#i
[8, 2, 4, 1]
[90, 30, 70, 20]
0
132 132#i
[8, 2, 4, 1]
[90, 30, 70, 20]
0
133 133#i
[8, 2, 4, 1]
[90, 30, 70, 20]
0
134 134#i
[8, 2, 4, 1]
[90, 30, 70, 20]
0
135 135#i
[8, 2, 4, 1]
[90, 30, 70, 20]
0
136 136#i
[8, 2, 4, 1]
[90, 30, 70, 20]
0
137 137#i
[8, 2, 4, 1]
[90, 30, 70, 20]
0
138 138#i
[8, 2, 4, 1]
[90, 30, 70, 20]
0
139 139#i
[8, 2, 4, 1]
[90, 30, 70, 20]
0
140 140#i
[8, 2, 4, 1]
[90, 30, 70, 20]
0
141 141#i
[8, 2, 4, 1]
[90, 30, 70, 20]
0
142 142#i
[8, 2, 4, 1]
[90, 30, 70, 20]
0
143 143#i
[8, 2, 4, 1]
[90, 30, 70, 20]
0
144 144#i
[8, 2, 4, 1]
[90, 30, 70, 20]
0
145 145#i
[8, 2, 4, 1]
[90, 30, 70, 20]
0
146 146#i
[8, 2, 4, 1]
[90, 30, 70, 20]
0
147 147#i
[8, 2, 4, 1]
[90, 30, 70, 20]
0
148 148#i
[8, 2, 4, 1]
[90, 30, 70, 20]
0
149 149#i
[8, 2, 4, 1]
[90, 30, 70, 20]
0
150 150#i
[8, 2, 4, 1]
[90, 30, 70, 20]
0
151 151#i
[8, 2, 4, 1]
[90, 30, 70, 20]
0
152 152#i
[8, 2, 4, 1]
[90, 30, 70, 20]
0
153 153#i
[8, 2, 4, 1]
[90, 30, 70, 20]
0
154 154#i
[8, 2, 4, 1]
[90, 30, 70, 20]
0
155 155#i
[8, 2, 4, 1]
[90, 30, 70, 20]
0
156 156#i
[8, 2, 4, 1]
[90, 30, 70, 20]
0
157 157#i
[8, 2, 4, 1]
[90, 30, 70, 20]
0
158 158#i
[8, 2, 4, 1]
[90, 30, 70, 20]
0
159 159#i
[8, 2, 4, 1]
[90, 30, 70, 20]
0
160 160#i
[8, 2, 4, 1]
[90, 30, 70, 20]
1
161 161#i
[8, 2, 4, 1]
[90, 30, 70, 20]
1
162 162#i
[8, 2, 4, 1]
[90, 30, 70, 20]
1
163 163#i
[8, 2, 4, 1]
[90, 30, 70, 20]
1
164 164#i
[8, 2, 4, 1]
[90, 30, 70, 20]
1
165 165#i
[8, 2, 4, 1]
[90, 30, 70, 20]
1
166 166#i
[8, 2, 4, 1]
[90, 30, 70, 20]
1
167 167#i
[8, 2, 4, 1]
[90, 30, 70, 20]
1
168 168#i
[8, 2, 4, 1]
[90, 30, 70, 20]
1
169 169#i
[8, 2, 4, 1]
[90, 30, 70, 20]
1
170 170#i
[8, 2, 4, 1]
[90, 30, 70, 20]
1
171 171#i
[8, 2, 4, 1]
[90, 30, 70, 20]
1
172 172#i
[8, 2, 4, 1]
[90, 30, 70, 20]
1
173 173#i
[8, 2, 4, 1]
[90, 30, 70, 20]
1
174 174#i
[8, 2, 4, 1]
[90, 30, 70, 20]
1
175 175#i
[8, 2, 4, 1]
[90, 30, 70, 20]
1
176 176#i
[8, 2, 4, 1]
[90, 30, 70, 20]
1
177 177#i
[8, 2, 4, 1]
[90, 30, 70, 20]
1
178 178#i
[8, 2, 4, 1]
[90, 30, 70, 20]
1
179 179#i
[8, 2, 4, 1]
[90, 30, 70, 20]
1
180 180#i
[8, 2, 4, 1]
[90, 30, 70, 20]
1
181 181#i
[8, 2, 4, 1]
[90, 30, 70, 20]
1
182 182#i
[8, 2, 4, 1]
[90, 30, 70, 20]
1
183 183#i
[8, 2, 4, 1]
[90, 30, 70, 20]
1
184 184#i
[8, 2, 4, 1]
[90, 30, 70, 20]
1
185 185#i
[8, 2, 4, 1]
[90, 30, 70, 20]
1
186 186#i
[8, 2, 4, 1]
[90, 30, 70, 20]
1
187 187#i
[8, 2, 4, 1]
[90, 30, 70, 20]
1
188 188#i
[8, 2, 4, 1]
[90, 30, 70, 20]
1
189 189#i
[8, 2, 4, 1]
[90, 30, 70, 20]
1
190 190#i
[8, 2, 4, 1]
[90, 30, 70, 20]
1
191 191#i
[8, 2, 4, 1]
[90, 30, 70, 20]
1
192 192#i
[8, 2, 4, 1]
[90, 30, 70, 20]
1
193 193#i
[8, 2, 4, 1]
[90, 30, 70, 20]
1
194 194#i
[8, 2, 4, 1]
[90, 30, 70, 20]
1
195 195#i
[8, 2, 4, 1]
[90, 30, 70, 20]
1
196 196#i
[8, 2, 4, 1]
[90, 30, 70, 20]
1
197 197#i
[8, 2, 4, 1]
[90, 30, 70, 20]
1
198 198#i
[8, 2, 4, 1]
[90, 30, 70, 20]
1
199 199#i
[8, 2, 4, 1]
[90, 30, 70, 20]
1
200 200#i
[8, 2, 4, 1]
[90, 30, 70, 20]
1
201 201#i
[8, 2, 4, 1]
[90, 30, 70, 20]
1
202 202#i
[8, 2, 4, 1]
[90, 30, 70, 20]
1
203 203#i
[8, 2, 4, 1]
[90, 30, 70, 20]
1
204 204#i
[8, 2, 4, 1]
[90, 30, 70, 20]
1
205 205#i
[8, 2, 4, 1]
[90, 30, 70, 20]
1
206 206#i
[8, 2, 4, 1]
[90, 30, 70, 20]
1
207 207#i
[8, 2, 4, 1]
[90, 30, 70, 20]
1
208 208#i
[8, 2, 4, 1]
[90, 30, 70, 20]
1
209 209#i
[8, 2, 4, 1]
[90, 30, 70, 20]
1
210 210#i
[8, 2, 4, 1]
[90, 30, 70, 20]
1
211 211#i
[8, 2, 4, 1]
[90, 30, 70, 20]
1
212 212#i
[8, 2, 4, 1]
[90, 30, 70, 20]
1
213 213#i
[8, 2, 4, 1]
[90, 30, 70, 20]
1
214 214#i
[8, 2, 4, 1]
[90, 30, 70, 20]
1
215 215#i
[8, 2, 4, 1]
[90, 30, 70, 20]
1
216 216#i
[8, 2, 4, 1]
[90, 30, 70, 20]
1
217 217#i
[8, 2, 4, 1]
[90, 30, 70, 20]
1
218 218#i
[8, 2, 4, 1]
[90, 30, 70, 20]
1
219 219#i
[8, 2, 4, 1]
[90, 30, 70, 20]
1
220 220#i
[8, 2, 4, 1]
[90, 30, 70, 20]
1
221 221#i
[8, 2, 4, 1]
[90, 30, 70, 20]
1
222 222#i
[8, 2, 4, 1]
[90, 30, 70, 20]
1
223 223#i
[8, 2, 4, 1]
[90, 30, 70, 20]
1
224 224#i
[8, 2, 4, 1]
[90, 30, 70, 20]
1
225 225#i
[8, 2, 4, 1]
[90, 30, 70, 20]
1
226 226#i
[8, 2, 4, 1]
[90, 30, 70, 20]
1
227 227#i
[8, 2, 4, 1]
[90, 30, 70, 20]
1
228 228#i
[8, 2, 4, 1]
[90, 30, 70, 20]
1
229 229#i
[8, 2, 4, 1]
[90, 30, 70, 20]
1
230 230#i
[8, 2, 4, 1]
[90, 30, 70, 20]
1
231 231#i
[8, 2, 4, 1]
[90, 30, 70, 20]
1
232 232#i
[8, 2, 4, 1]
[90, 30, 70, 20]
1
233 233#i
[8, 2, 4, 1]
[90, 30, 70, 20]
1
234 234#i
[8, 2, 4, 1]
[90, 30, 70, 20]
1
235 235#i
[8, 2, 4, 1]
[90, 30, 70, 20]
1
236 236#i
[8, 2, 4, 1]
[90, 30, 70, 20]
1
237 237#i
[8, 2, 4, 1]
[90, 30, 70, 20]
1
238 238#i
[8, 2, 4, 1]
[90, 30, 70, 20]
1
239 239#i
[8, 2, 4, 1]
[90, 30, 70, 20]
1
240 240#i
[8, 2, 4, 1]
[90, 30, 70, 20]
1
241 241#i
[8, 2, 4, 1]
[90, 30, 70, 20]
1
242 242#i
[8, 2, 4, 1]
[90, 30, 70, 20]
1
243 243#i
[8, 2, 4, 1]
[90, 30, 70, 20]
1
244 244#i
[8, 2, 4, 1]
[90, 30, 70, 20]
1
245 245#i
[8, 2, 4, 1]
[90, 30, 70, 20]
1
246 246#i
[8, 2, 4, 1]
[90, 30, 70, 20]
1
247 247#i
[8, 2, 4, 1]
[90, 30, 70, 20]
1
248 248#i
[8, 2, 4, 1]
[90, 30, 70, 20]
1
249 249#i
[8, 2, 4, 1]
[90, 30, 70, 20]
1
250 250#i
[8, 2, 4, 1]
[90, 30, 70, 20]
1
251 251#i
[8, 2, 4, 1]
[90, 30, 70, 20]
1
252 252#i
[8, 2, 4, 1]
[90, 30, 70, 20]
1
253 253#i
[8, 2, 4, 1]
[90, 30, 70, 20]
1
254 254#i
[8, 2, 4, 1]
[90, 30, 70, 20]
1
255 255#i
[8, 2, 4, 1]
[90, 30, 70, 20]
1
256 256#i
[8, 2, 4, 1]
[90, 30, 70, 20]
1
257 257#i
[8, 2, 4, 1]
[90, 30, 70, 20]
1
258 258#i
[8, 2, 4, 1]
[90, 30, 70, 20]
1
259 259#i
[8, 2, 4, 1]
[90, 30, 70, 20]
1
260 260#i
[8, 2, 4, 1]
[90, 30, 70, 20]
1
261 261#i
[8, 2, 4, 1]
[90, 30, 70, 20]
1
262 262#i
[8, 2, 4, 1]
[90, 30, 70, 20]
1
263 263#i
[8, 2, 4, 1]
[90, 30, 70, 20]
1
264 264#i
[8, 2, 4, 1]
[90, 30, 70, 20]
1
265 265#i
[8, 2, 4, 1]
[90, 30, 70, 20]
1
266 266#i
[8, 2, 4, 1]
[90, 30, 70, 20]
1
267 267#i
[8, 2, 4, 1]
[90, 30, 70, 20]
1
268 268#i
[8, 2, 4, 1]
[90, 30, 70, 20]
1
269 269#i
[8, 2, 4, 1]
[90, 30, 70, 20]
1
270 270#i
[8, 2, 4, 1]
[90, 30, 70, 20]
1
271 271#i
[8, 2, 4, 1]
[90, 30, 70, 20]
1
272 272#i
[8, 2, 4, 1]
[90, 30, 70, 20]
1
273 273#i
[8, 2, 4, 1]
[90, 30, 70, 20]
1
274 274#i
[8, 2, 4, 1]
[90, 30, 70, 20]
1
275 275#i
[8, 2, 4, 1]
[90, 30, 70, 20]
1
276 276#i
[8, 2, 4, 1]
[90, 30, 70, 20]
1
277 277#i
[8, 2, 4, 1]
[90, 30, 70, 20]
1
278 278#i
[8, 2, 4, 1]
[90, 30, 70, 20]
1
279 279#i
[8, 2, 4, 1]
[90, 30, 70, 20]
1
280 280#i
[8, 2, 4, 1]
[90, 30, 70, 20]
1
281 281#i
[8, 2, 4, 1]
[90, 30, 70, 20]
1
282 282#i
[8, 2, 4, 1]
[90, 30, 70, 20]
1
283 283#i
[8, 2, 4, 1]
[90, 30, 70, 20]
1
284 284#i
[8, 2, 4, 1]
[90, 30, 70, 20]
1
285 285#i
[8, 2, 4, 1]
[90, 30, 70, 20]
1
286 286#i
[8, 2, 4, 1]
[90, 30, 70, 20]
1
287 287#i
[8, 2, 4, 1]
[90, 30, 70, 20]
1
288 288#i
[8, 2, 4, 1]
[90, 30, 70, 20]
1
289 289#i
[8, 2, 4, 1]
[90, 30, 70, 20]
1
290 290#i
[8, 2, 4, 1]
[90, 30, 70, 20]
1
291 291#i
[8, 2, 4, 1]
[90, 30, 70, 20]
1
292 292#i
[8, 2, 4, 1]
[90, 30, 70, 20]
1
293 293#i
[8, 2, 4, 1]
[90, 30, 70, 20]
1
294 294#i
[8, 2, 4, 1]
[90, 30, 70, 20]
1
295 295#i
[8, 2, 4, 1]
[90, 30, 70, 20]
1
296 296#i
[8, 2, 4, 1]
[90, 30, 70, 20]
1
297 297#i
[8, 2, 4, 1]
[90, 30, 70, 20]
1
298 298#i
[8, 2, 4, 1]
[90, 30, 70, 20]
1
299 299#i
[8, 2, 4, 1]
[90, 30, 70, 20]
1
300 300#i
[8, 2, 4, 1]
[90, 30, 70, 20]
1
301 301#i
[8, 2, 4, 1]
[90, 30, 70, 20]
1
302 302#i
[8, 2, 4, 1]
[90, 30, 70, 20]
1
303 303#i
[8, 2, 4, 1]
[90, 30, 70, 20]
1
304 304#i
[8, 2, 4, 1]
[90, 30, 70, 20]
1
305 305#i
[8, 2, 4, 1]
[90, 30, 70, 20]
1
306 306#i
[8, 2, 4, 1]
[90, 30, 70, 20]
1
307 307#i
[8, 2, 4, 1]
[90, 30, 70, 20]
1
308 308#i
[8, 2, 4, 1]
[90, 30, 70, 20]
1
309 309#i
[8, 2, 4, 1]
[90, 30, 70, 20]
1
310 310#i
[8, 2, 4, 1]
[90, 30, 70, 20]
1
311 311#i
[8, 2, 4, 1]
[90, 30, 70, 20]
1
312 312#i
[8, 2, 4, 1]
[90, 30, 70, 20]
1
313 313#i
[8, 2, 4, 1]
[90, 30, 70, 20]
1
314 314#i
[8, 2, 4, 1]
[90, 30, 70, 20]
1
315 315#i
[8, 2, 4, 1]
[90, 30, 70, 20]
1
316 316#i
[8, 2, 4, 1]
[90, 30, 70, 20]
1
317 317#i
[8, 2, 4, 1]
[90, 30, 70, 20]
1
318 318#i
[8, 2, 4, 1]
[90, 30, 70, 20]
1
319 319#i
[8, 2, 4, 1]
[90, 30, 70, 20]
1
320 320#i
[8, 2, 4, 1]
[90, 30, 70, 20]
1
321 321#i
[8, 2, 4, 1]
[90, 30, 70, 20]
1
322 322#i
[8, 2, 4, 1]
[90, 30, 70, 20]
1
323 323#i
[8, 2, 4, 1]
[90, 30, 70, 20]
1
324 324#i
[8, 2, 4, 1]
[90, 30, 70, 20]
1
325 325#i
[8, 2, 4, 1]
[90, 30, 70, 20]
1
326 326#i
[8, 2, 4, 1]
[90, 30, 70, 20]
1
327 327#i
[8, 2, 4, 1]
[90, 30, 70, 20]
1
328 328#i
[8, 2, 4, 1]
[90, 30, 70, 20]
1
329 329#i
[8, 2, 4, 1]
[90, 30, 70, 20]
1
330 330#i
[8, 2, 4, 1]
[90, 30, 70, 20]
1
331 331#i
[8, 2, 4, 1]
[90, 30, 70, 20]
1
332 332#i
[8, 2, 4, 1]
[90, 30, 70, 20]
1
333 333#i
[8, 2, 4, 1]
[90, 30, 70, 20]
1
334 334#i
[8, 2, 4, 1]
[90, 30, 70, 20]
1
335 335#i
[8, 2, 4, 1]
[90, 30, 70, 20]
1
336 336#i
[8, 2, 4, 1]
[90, 30, 70, 20]
1
337 337#i
[8, 2, 4, 1]
[90, 30, 70, 20]
1
338 338#i
[8, 2, 4, 1]
[90, 30, 70, 20]
1
339 339#i
[8, 2, 4, 1]
[90, 30, 70, 20]
1
340 340#i
[8, 2, 4, 1]
[90, 30, 70, 20]
1
341 341#i
[8, 2, 4, 1]
[90, 30, 70, 20]
1
342 342#i
[8, 2, 4, 1]
[90, 30, 70, 20]
1
343 343#i
[8, 2, 4, 1]
[90, 30, 70, 20]
1
344 344#i
[8, 2, 4, 1]
[90, 30, 70, 20]
1
345 345#i
[8, 2, 4, 1]
[90, 30, 70, 20]
1
346 346#i
[8, 2, 4, 1]
[90, 30, 70, 20]
1
347 347#i
[8, 2, 4, 1]
[90, 30, 70, 20]
1
348 348#i
[8, 2, 4, 1]
[90, 30, 70, 20]
1
349 349#i
[8, 2, 4, 1]
[90, 30, 70, 20]
1
350 350#i
[8, 2, 4, 1]
[90, 30, 70, 20]
1
351 351#i
[8, 2, 4, 1]
[90, 30, 70, 20]
1
352 352#i
[8, 2, 4, 1]
[90, 30, 70, 20]
1
353 353#i
[8, 2, 4, 1]
[90, 30, 70, 20]
1
354 354#i
[8, 2, 4, 1]
[90, 30, 70, 20]
1
355 355#i
[8, 2, 4, 1]
[90, 30, 70, 20]
1
356 356#i
[8, 2, 4, 1]
[90, 30, 70, 20]
1
357 357#i
[8, 2, 4, 1]
[90, 30, 70, 20]
1
358 358#i
[8, 2, 4, 1]
[90, 30, 70, 20]
1
359 359#i
[8, 2, 4, 1]
[90, 30, 70, 20]
1
360 360#i
[8, 2, 4, 1]
[90, 30, 70, 20]
1
361 361#i
[8, 2, 4, 1]
[90, 30, 70, 20]
1
362 362#i
[8, 2, 4, 1]
[90, 30, 70, 20]
1
363 363#i
[8, 2, 4, 1]
[90, 30, 70, 20]
1
364 364#i
[8, 2, 4, 1]
[90, 30, 70, 20]
1
365 365#i
[8, 2, 4, 1]
[90, 30, 70, 20]
1
366 366#i
[8, 2, 4, 1]
[90, 30, 70, 20]
1
367 367#i
[8, 2, 4, 1]
[90, 30, 70, 20]
1
368 368#i
[8, 2, 4, 1]
[90, 30, 70, 20]
1
369 369#i
[8, 2, 4, 1]
[90, 30, 70, 20]
1
370 370#i
[8, 2, 4, 1]
[90, 30, 70, 20]
1
371 371#i
[8, 2, 4, 1]
[90, 30, 70, 20]
1
372 372#i
[8, 2, 4, 1]
[90, 30, 70, 20]
1
373 373#i
[8, 2, 4, 1]
[90, 30, 70, 20]
1
374 374#i
[8, 2, 4, 1]
[90, 30, 70, 20]
1
375 375#i
[8, 2, 4, 1]
[90, 30, 70, 20]
1
376 376#i
[8, 2, 4, 1]
[90, 30, 70, 20]
1
377 377#i
[8, 2, 4, 1]
[90, 30, 70, 20]
1
378 378#i
[8, 2, 4, 1]
[90, 30, 70, 20]
1
379 379#i
[8, 2, 4, 1]
[90, 30, 70, 20]
1
380 380#i
[8, 2, 4, 1]
[90, 30, 70, 20]
1
381 381#i
[8, 2, 4, 1]
[90, 30, 70, 20]
1
382 382#i
[8, 2, 4, 1]
[90, 30, 70, 20]
1
383 383#i
[8, 2, 4, 1]
[90, 30, 70, 20]
1
384 384#i
[8, 2, 4, 1]
[90, 30, 70, 20]
1
385 385#i
[8, 2, 4, 1]
[90, 30, 70, 20]
1
386 386#i
[8, 2, 4, 1]
[90, 30, 70, 20]
1
387 387#i
[8, 2, 4, 1]
[90, 30, 70, 20]
1
388 388#i
[8, 2, 4, 1]
[90, 30, 70, 20]
1
389 389#i
[8, 2, 4, 1]
[90, 30, 70, 20]
1
390 390#i
[8, 2, 4, 1]
[90, 30, 70, 20]
1
391 391#i
[8, 2, 4, 1]
[90, 30, 70, 20]
1
392 392#i
[8, 2, 4, 1]
[90, 30, 70, 20]
1
393 393#i
[8, 2, 4, 1]
[90, 30, 70, 20]
1
394 394#i
[8, 2, 4, 1]
[90, 30, 70, 20]
1
395 395#i
[8, 2, 4, 1]
[90, 30, 70, 20]
1
396 396#i
[8, 2, 4, 1]
[90, 30, 70, 20]
1
397 397#i
[8, 2, 4, 1]
[90, 30, 70, 20]
1
398 398#i
[8, 2, 4, 1]
[90, 30, 70, 20]
1
399 399#i
[8, 2, 4, 1]
[90, 30, 70, 20]
1
400 400#i
[8, 2, 4, 1]
[90, 30, 70, 20]
1
401 401#i
[8, 2, 4, 1]
[90, 30, 70, 20]
1
402 402#i
[8, 2, 4, 1]
[90, 30, 70, 20]
1
403 403#i
[8, 2, 4, 1]
[90, 30, 70, 20]
1
404 404#i
[8, 2, 4, 1]
[90, 30, 70, 20]
1
405 405#i
[8, 2, 4, 1]
[90, 30, 70, 20]
1
406 406#i
[8, 2, 4, 1]
[90, 30, 70, 20]
1
407 407#i
[8, 2, 4, 1]
[90, 30, 70, 20]
1
408 408#i
[8, 2, 4, 1]
[90, 30, 70, 20]
1
409 409#i
[8, 2, 4, 1]
[90, 30, 70, 20]
1
410 410#i
[8, 2, 4, 1]
[90, 30, 70, 20]
1
411 411#i
[8, 2, 4, 1]
[90, 30, 70, 20]
1
412 412#i
[8, 2, 4, 1]
[90, 30, 70, 20]
1
413 413#i
[8, 2, 4, 1]
[90, 30, 70, 20]
1
414 414#i
[8, 2, 4, 1]
[90, 30, 70, 20]
1
415 415#i
[8, 2, 4, 1]
[90, 30, 70, 20]
1
416 416#i
[8, 2, 4, 1]
[90, 30, 70, 20]
1
417 417#i
[8, 2, 4, 1]
[90, 30, 70, 20]
1
418 418#i
[8, 2, 4, 1]
[90, 30, 70, 20]
1
419 419#i
[8, 2, 4, 1]
[90, 30, 70, 20]
1
420 420#i
[8, 2, 4, 1]
[90, 30, 70, 20]
1
421 421#i
[8, 2, 4, 1]
[90, 30, 70, 20]
1
422 422#i
[8, 2, 4, 1]
[90, 30, 70, 20]
1
423 423#i
[8, 2, 4, 1]
[90, 30, 70, 20]
1
424 424#i
[8, 2, 4, 1]
[90, 30, 70, 20]
1
425 425#i
[8, 2, 4, 1]
[90, 30, 70, 20]
1
426 426#i
[8, 2, 4, 1]
[90, 30, 70, 20]
1
427 427#i
[8, 2, 4, 1]
[90, 30, 70, 20]
1
428 428#i
[8, 2, 4, 1]
[90, 30, 70, 20]
1
429 429#i
[8, 2, 4, 1]
[90, 30, 70, 20]
1
430 430#i
[8, 2, 4, 1]
[90, 30, 70, 20]
1
431 431#i
[8, 2, 4, 1]
[90, 30, 70, 20]
1
432 432#i
[8, 2, 4, 1]
[90, 30, 70, 20]
1
433 433#i
[8, 2, 4, 1]
[90, 30, 70, 20]
1
434 434#i
[8, 2, 4, 1]
[90, 30, 70, 20]
1
435 435#i
[8, 2, 4, 1]
[90, 30, 70, 20]
1
436 436#i
[8, 2, 4, 1]
[90, 30, 70, 20]
1
437 437#i
[8, 2, 4, 1]
[90, 30, 70, 20]
1
438 438#i
[8, 2, 4, 1]
[90, 30, 70, 20]
1
439 439#i
[8, 2, 4, 1]
[90, 30, 70, 20]
1
440 440#i
[8, 2, 4, 1]
[90, 30, 70, 20]
1
441 441#i
[8, 2, 4, 1]
[90, 30, 70, 20]
1
442 442#i
[8, 2, 4, 1]
[90, 30, 70, 20]
1
443 443#i
[8, 2, 4, 1]
[90, 30, 70, 20]
1
444 444#i
[8, 2, 4, 1]
[90, 30, 70, 20]
1
445 445#i
[8, 2, 4, 1]
[90, 30, 70, 20]
1
446 446#i
[8, 2, 4, 1]
[90, 30, 70, 20]
1
447 447#i
[8, 2, 4, 1]
[90, 30, 70, 20]
1
448 448#i
[8, 2, 4, 1]
[90, 30, 70, 20]
1
449 449#i
[8, 2, 4, 1]
[90, 30, 70, 20]
1
450 450#i
[8, 2, 4, 1]
[90, 30, 70, 20]
1
451 451#i
[8, 2, 4, 1]
[90, 30, 70, 20]
1
452 452#i
[8, 2, 4, 1]
[90, 30, 70, 20]
1
453 453#i
[8, 2, 4, 1]
[90, 30, 70, 20]
1
454 454#i
[8, 2, 4, 1]
[90, 30, 70, 20]
1
455 455#i
[8, 2, 4, 1]
[90, 30, 70, 20]
1
456 456#i
[8, 2, 4, 1]
[90, 30, 70, 20]
1
457 457#i
[8, 2, 4, 1]
[90, 30, 70, 20]
1
458 458#i
[8, 2, 4, 1]
[90, 30, 70, 20]
1
459 459#i
[8, 2, 4, 1]
[90, 30, 70, 20]
1
460 460#i
[8, 2, 4, 1]
[90, 30, 70, 20]
1
461 461#i
[8, 2, 4, 1]
[90, 30, 70, 20]
1
462 462#i
[8, 2, 4, 1]
[90, 30, 70, 20]
1
463 463#i
[8, 2, 4, 1]
[90, 30, 70, 20]
1
464 464#i
[8, 2, 4, 1]
[90, 30, 70, 20]
1
465 465#i
[8, 2, 4, 1]
[90, 30, 70, 20]
1
466 466#i
[8, 2, 4, 1]
[90, 30, 70, 20]
1
467 467#i
[8, 2, 4, 1]
[90, 30, 70, 20]
1
468 468#i
[8, 2, 4, 1]
[90, 30, 70, 20]
1
469 469#i
[8, 2, 4, 1]
[90, 30, 70, 20]
1
470 470#i
[8, 2, 4, 1]
[90, 30, 70, 20]
1
471 471#i
[8, 2, 4, 1]
[90, 30, 70, 20]
1
472 472#i
[8, 2, 4, 1]
[90, 30, 70, 20]
1
473 473#i
[8, 2, 4, 1]
[90, 30, 70, 20]
1
474 474#i
[8, 2, 4, 1]
[90, 30, 70, 20]
1
475 475#i
[8, 2, 4, 1]
[90, 30, 70, 20]
1
476 476#i
[8, 2, 4, 1]
[90, 30, 70, 20]
1
477 477#i
[8, 2, 4, 1]
[90, 30, 70, 20]
1
478 478#i
[8, 2, 4, 1]
[90, 30, 70, 20]
1
479 479#i
[8, 2, 4, 1]
[90, 30, 70, 20]
1
480 480#i
[8, 2, 4, 1]
[90, 30, 70, 20]
1
481 481#i
[8, 2, 4, 1]
[90, 30, 70, 20]
1
482 482#i
[8, 2, 4, 1]
[90, 30, 70, 20]
1
483 483#i
[8, 2, 4, 1]
[90, 30, 70, 20]
1
484 484#i
[8, 2, 4, 1]
[90, 30, 70, 20]
1
485 485#i
[8, 2, 4, 1]
[90, 30, 70, 20]
1
486 486#i
[8, 2, 4, 1]
[90, 30, 70, 20]
1
487 487#i
[8, 2, 4, 1]
[90, 30, 70, 20]
1
488 488#i
[8, 2, 4, 1]
[90, 30, 70, 20]
1
489 489#i
[8, 2, 4, 1]
[90, 30, 70, 20]
1
490 490#i
[8, 2, 4, 1]
[90, 30, 70, 20]
1
491 491#i
[8, 2, 4, 1]
[90, 30, 70, 20]
1
492 492#i
[8, 2, 4, 1]
[90, 30, 70, 20]
1
493 493#i
[8, 2, 4, 1]
[90, 30, 70, 20]
1
494 494#i
[8, 2, 4, 1]
[90, 30, 70, 20]
1
495 495#i
[8, 2, 4, 1]
[90, 30, 70, 20]
1
496 496#i
[8, 2, 4, 1]
[90, 30, 70, 20]
1
497 497#i
[8, 2, 4, 1]
[90, 30, 70, 20]
1
498 498#i
[8, 2, 4, 1]
[90, 30, 70, 20]
1
499 499#i
[8, 2, 4, 1]
[90, 30, 70, 20]
1
500 500#i
[8, 2, 4, 1]
[90, 30, 70, 20]
1
501 501#i
[8, 2, 4, 1]
[90, 30, 70, 20]
1
502 502#i
[8, 2, 4, 1]
[90, 30, 70, 20]
1
503 503#i
[8, 2, 4, 1]
[90, 30, 70, 20]
1
504 504#i
[8, 2, 4, 1]
[90, 30, 70, 20]
1
505 505#i
[8, 2, 4, 1]
[90, 30, 70, 20]
1
506 506#i
[8, 2, 4, 1]
[90, 30, 70, 20]
1
507 507#i
[8, 2, 4, 1]
[90, 30, 70, 20]
1
508 508#i
[8, 2, 4, 1]
[90, 30, 70, 20]
1
509 509#i
[8, 2, 4, 1]
[90, 30, 70, 20]
1
510 510#i
[8, 2, 4, 1]
[90, 30, 70, 20]
1
511 511#i
[8, 2, 4, 1]
[90, 30, 70, 20]
1
512 512#i
[8, 2, 4, 1]
[90, 30, 70, 20]
1
513 513#i
[8, 2, 4, 1]
[90, 30, 70, 20]
1
514 514#i
[8, 2, 4, 1]
[90, 30, 70, 20]
1
515 515#i
[8, 2, 4, 1]
[90, 30, 70, 20]
1
516 516#i
[8, 2, 4, 1]
[90, 30, 70, 20]
1
517 517#i
[8, 2, 4, 1]
[90, 30, 70, 20]
1
518 518#i
[8, 2, 4, 1]
[90, 30, 70, 20]
1
519 519#i
[8, 2, 4, 1]
[90, 30, 70, 20]
1
520 520#i
[8, 2, 4, 1]
[90, 30, 70, 20]
1
521 521#i
[8, 2, 4, 1]
[90, 30, 70, 20]
1
522 522#i
[8, 2, 4, 1]
[90, 30, 70, 20]
1
523 523#i
[8, 2, 4, 1]
[90, 30, 70, 20]
1
524 524#i
[8, 2, 4, 1]
[90, 30, 70, 20]
1
525 525#i
[8, 2, 4, 1]
[90, 30, 70, 20]
1
526 526#i
[8, 2, 4, 1]
[90, 30, 70, 20]
1
527 527#i
[8, 2, 4, 1]
[90, 30, 70, 20]
1
528 528#i
[8, 2, 4, 1]
[90, 30, 70, 20]
1
529 529#i
[8, 2, 4, 1]
[90, 30, 70, 20]
1
530 530#i
[8, 2, 4, 1]
[90, 30, 70, 20]
1
531 531#i
[8, 2, 4, 1]
[90, 30, 70, 20]
1
532 532#i
[8, 2, 4, 1]
[90, 30, 70, 20]
1
533 533#i
[8, 2, 4, 1]
[90, 30, 70, 20]
1
534 534#i
[8, 2, 4, 1]
[90, 30, 70, 20]
1
535 535#i
[8, 2, 4, 1]
[90, 30, 70, 20]
1
536 536#i
[8, 2, 4, 1]
[90, 30, 70, 20]
1
537 537#i
[8, 2, 4, 1]
[90, 30, 70, 20]
1
538 538#i
[8, 2, 4, 1]
[90, 30, 70, 20]
1
539 539#i
[8, 2, 4, 1]
[90, 30, 70, 20]
1
540 540#i
[8, 2, 4, 1]
[90, 30, 70, 20]
1
541 541#i
[8, 2, 4, 1]
[90, 30, 70, 20]
1
542 542#i
[8, 2, 4, 1]
[90, 30, 70, 20]
1
543 543#i
[8, 2, 4, 1]
[90, 30, 70, 20]
1
544 544#i
[8, 2, 4, 1]
[90, 30, 70, 20]
1
545 545#i
[8, 2, 4, 1]
[90, 30, 70, 20]
1
546 546#i
[8, 2, 4, 1]
[90, 30, 70, 20]
1
547 547#i
[8, 2, 4, 1]
[90, 30, 70, 20]
1
548 548#i
[8, 2, 4, 1]
[90, 30, 70, 20]
1
549 549#i
[8, 2, 4, 1]
[90, 30, 70, 20]
1
550 550#i
[8, 2, 4, 1]
[90, 30, 70, 20]
1
551 551#i
[8, 2, 4, 1]
[90, 30, 70, 20]
1
552 552#i
[8, 2, 4, 1]
[90, 30, 70, 20]
1
553 553#i
[8, 2, 4, 1]
[90, 30, 70, 20]
1
554 554#i
[8, 2, 4, 1]
[90, 30, 70, 20]
1
555 555#i
[8, 2, 4, 1]
[90, 30, 70, 20]
1
556 556#i
[8, 2, 4, 1]
[90, 30, 70, 20]
1
557 557#i
[8, 2, 4, 1]
[90, 30, 70, 20]
1
558 558#i
[8, 2, 4, 1]
[90, 30, 70, 20]
1
559 559#i
[8, 2, 4, 1]
[90, 30, 70, 20]
1
560 560#i
[8, 2, 4, 1]
[90, 30, 70, 20]
1
561 561#i
[8, 2, 4, 1]
[90, 30, 70, 20]
1
562 562#i
[8, 2, 4, 1]
[90, 30, 70, 20]
1
563 563#i
[8, 2, 4, 1]
[90, 30, 70, 20]
1
564 564#i
[8, 2, 4, 1]
[90, 30, 70, 20]
1
565 565#i
[8, 2, 4, 1]
[90, 30, 70, 20]
1
566 566#i
[8, 2, 4, 1]
[90, 30, 70, 20]
1
567 567#i
[8, 2, 4, 1]
[90, 30, 70, 20]
1
568 568#i
[8, 2, 4, 1]
[90, 30, 70, 20]
1
569 569#i
[8, 2, 4, 1]
[90, 30, 70, 20]
1
570 570#i
[8, 2, 4, 1]
[90, 30, 70, 20]
1
571 571#i
[8, 2, 4, 1]
[90, 30, 70, 20]
1
572 572#i
[8, 2, 4, 1]
[90, 30, 70, 20]
1
573 573#i
[8, 2, 4, 1]
[90, 30, 70, 20]
1
574 574#i
[8, 2, 4, 1]
[90, 30, 70, 20]
1
575 575#i
[8, 2, 4, 1]
[90, 30, 70, 20]
1
576 576#i
[8, 2, 4, 1]
[90, 30, 70, 20]
1
577 577#i
[8, 2, 4, 1]
[90, 30, 70, 20]
1
578 578#i
[8, 2, 4, 1]
[90, 30, 70, 20]
1
579 579#i
[8, 2, 4, 1]
[90, 30, 70, 20]
1
580 580#i
[8, 2, 4, 1]
[90, 30, 70, 20]
1
581 581#i
[8, 2, 4, 1]
[90, 30, 70, 20]
1
582 582#i
[8, 2, 4, 1]
[90, 30, 70, 20]
1
583 583#i
[8, 2, 4, 1]
[90, 30, 70, 20]
1
584 584#i
[8, 2, 4, 1]
[90, 30, 70, 20]
1
585 585#i
[8, 2, 4, 1]
[90, 30, 70, 20]
1
586 586#i
[8, 2, 4, 1]
[90, 30, 70, 20]
1
587 587#i
[8, 2, 4, 1]
[90, 30, 70, 20]
1
588 588#i
[8, 2, 4, 1]
[90, 30, 70, 20]
1
589 589#i
[8, 2, 4, 1]
[90, 30, 70, 20]
1
590 590#i
[8, 2, 4, 1]
[90, 30, 70, 20]
1
591 591#i
[8, 2, 4, 1]
[90, 30, 70, 20]
1
592 592#i
[8, 2, 4, 1]
[90, 30, 70, 20]
1
593 593#i
[8, 2, 4, 1]
[90, 30, 70, 20]
1
594 594#i
[8, 2, 4, 1]
[90, 30, 70, 20]
1
595 595#i
[8, 2, 4, 1]
[90, 30, 70, 20]
1
596 596#i
[8, 2, 4, 1]
[90, 30, 70, 20]
1
597 597#i
[8, 2, 4, 1]
[90, 30, 70, 20]
1
598 598#i
[8, 2, 4, 1]
[90, 30, 70, 20]
1
599 599#i
[8, 2, 4, 1]
[90, 30, 70, 20]
1
600 600#i
[8, 2, 4, 1]
[90, 30, 70, 20]
1
601 601#i
[8, 2, 4, 1]
[90, 30, 70, 20]
1
602 602#i
[8, 2, 4, 1]
[90, 30, 70, 20]
1
603 603#i
[8, 2, 4, 1]
[90, 30, 70, 20]
1
604 604#i
[8, 2, 4, 1]
[90, 30, 70, 20]
1
605 605#i
[8, 2, 4, 1]
[90, 30, 70, 20]
1
606 606#i
[8, 2, 4, 1]
[90, 30, 70, 20]
1
607 607#i
[8, 2, 4, 1]
[90, 30, 70, 20]
1
608 608#i
[8, 2, 4, 1]
[90, 30, 70, 20]
1
609 609#i
[8, 2, 4, 1]
[90, 30, 70, 20]
1
610 610#i
[8, 2, 4, 1]
[90, 30, 70, 20]
1
611 611#i
[8, 2, 4, 1]
[90, 30, 70, 20]
1
612 612#i
[8, 2, 4, 1]
[90, 30, 70, 20]
1
613 613#i
[8, 2, 4, 1]
[90, 30, 70, 20]
1
614 614#i
[8, 2, 4, 1]
[90, 30, 70, 20]
1
615 615#i
[8, 2, 4, 1]
[90, 30, 70, 20]
1
616 616#i
[8, 2, 4, 1]
[90, 30, 70, 20]
1
617 617#i
[8, 2, 4, 1]
[90, 30, 70, 20]
1
618 618#i
[8, 2, 4, 1]
[90, 30, 70, 20]
1
619 619#i
[8, 2, 4, 1]
[90, 30, 70, 20]
1
620 620#i
[8, 2, 4, 1]
[90, 30, 70, 20]
1
621 621#i
[8, 2, 4, 1]
[90, 30, 70, 20]
1
622 622#i
[8, 2, 4, 1]
[90, 30, 70, 20]
1
623 623#i
[8, 2, 4, 1]
[90, 30, 70, 20]
1
624 624#i
[8, 2, 4, 1]
[90, 30, 70, 20]
1
625 625#i
[8, 2, 4, 1]
[90, 30, 70, 20]
1
626 626#i
[8, 2, 4, 1]
[90, 30, 70, 20]
1
627 627#i
[8, 2, 4, 1]
[90, 30, 70, 20]
1
628 628#i
[8, 2, 4, 1]
[90, 30, 70, 20]
1
629 629#i
[8, 2, 4, 1]
[90, 30, 70, 20]
1
630 630#i
[8, 2, 4, 1]
[90, 30, 70, 20]
1
631 631#i
[8, 2, 4, 1]
[90, 30, 70, 20]
1
632 632#i
[8, 2, 4, 1]
[90, 30, 70, 20]
1
633 633#i
[8, 2, 4, 1]
[90, 30, 70, 20]
1
634 634#i
[8, 2, 4, 1]
[90, 30, 70, 20]
1
635 635#i
[8, 2, 4, 1]
[90, 30, 70, 20]
1
636 636#i
[8, 2, 4, 1]
[90, 30, 70, 20]
1
637 637#i
[8, 2, 4, 1]
[90, 30, 70, 20]
1
638 638#i
[8, 2, 4, 1]
[90, 30, 70, 20]
1
639 639#i
[8, 2, 4, 1]
[90, 30, 70, 20]
1
640 640#i
[8, 2, 4, 1]
[90, 30, 70, 20]
1
641 641#i
[8, 2, 4, 1]
[90, 30, 70, 20]
1
642 642#i
[8, 2, 4, 1]
[90, 30, 70, 20]
1
643 643#i
[8, 2, 4, 1]
[90, 30, 70, 20]
1
644 644#i
[8, 2, 4, 1]
[90, 30, 70, 20]
1
645 645#i
[8, 2, 4, 1]
[90, 30, 70, 20]
1
646 646#i
[8, 2, 4, 1]
[90, 30, 70, 20]
1
647 647#i
[8, 2, 4, 1]
[90, 30, 70, 20]
1
648 648#i
[8, 2, 4, 1]
[90, 30, 70, 20]
1
649 649#i
[8, 2, 4, 1]
[90, 30, 70, 20]
1
650 650#i
[8, 2, 4, 1]
[90, 30, 70, 20]
1
651 651#i
[8, 2, 4, 1]
[90, 30, 70, 20]
1
652 652#i
[8, 2, 4, 1]
[90, 30, 70, 20]
1
653 653#i
[8, 2, 4, 1]
[90, 30, 70, 20]
1
654 654#i
[8, 2, 4, 1]
[90, 30, 70, 20]
1
655 655#i
[8, 2, 4, 1]
[90, 30, 70, 20]
1
656 656#i
[8, 2, 4, 1]
[90, 30, 70, 20]
1
657 657#i
[8, 2, 4, 1]
[90, 30, 70, 20]
1
658 658#i
[8, 2, 4, 1]
[90, 30, 70, 20]
1
659 659#i
[8, 2, 4, 1]
[90, 30, 70, 20]
1
660 660#i
[8, 2, 4, 1]
[90, 30, 70, 20]
1
661 661#i
[8, 2, 4, 1]
[90, 30, 70, 20]
1
662 662#i
[8, 2, 4, 1]
[90, 30, 70, 20]
1
663 663#i
[8, 2, 4, 1]
[90, 30, 70, 20]
1
664 664#i
[8, 2, 4, 1]
[90, 30, 70, 20]
1
665 665#i
[8, 2, 4, 1]
[90, 30, 70, 20]
1
666 666#i
[8, 2, 4, 1]
[90, 30, 70, 20]
1
667 667#i
[8, 2, 4, 1]
[90, 30, 70, 20]
1
668 668#i
[8, 2, 4, 1]
[90, 30, 70, 20]
1
669 669#i
[8, 2, 4, 1]
[90, 30, 70, 20]
1
670 670#i
[8, 2, 4, 1]
[90, 30, 70, 20]
1
671 671#i
[8, 2, 4, 1]
[90, 30, 70, 20]
1
672 672#i
[8, 2, 4, 1]
[90, 30, 70, 20]
1
673 673#i
[8, 2, 4, 1]
[90, 30, 70, 20]
1
674 674#i
[8, 2, 4, 1]
[90, 30, 70, 20]
1
675 675#i
[8, 2, 4, 1]
[90, 30, 70, 20]
1
676 676#i
[8, 2, 4, 1]
[90, 30, 70, 20]
1
677 677#i
[8, 2, 4, 1]
[90, 30, 70, 20]
1
678 678#i
[8, 2, 4, 1]
[90, 30, 70, 20]
1
679 679#i
[8, 2, 4, 1]
[90, 30, 70, 20]
1
680 680#i
[8, 2, 4, 1]
[90, 30, 70, 20]
1
681 681#i
[8, 2, 4, 1]
[90, 30, 70, 20]
1
682 682#i
[8, 2, 4, 1]
[90, 30, 70, 20]
1
683 683#i
[8, 2, 4, 1]
[90, 30, 70, 20]
1
684 684#i
[8, 2, 4, 1]
[90, 30, 70, 20]
1
685 685#i
[8, 2, 4, 1]
[90, 30, 70, 20]
1
686 686#i
[8, 2, 4, 1]
[90, 30, 70, 20]
1
687 687#i
[8, 2, 4, 1]
[90, 30, 70, 20]
1
688 688#i
[8, 2, 4, 1]
[90, 30, 70, 20]
1
689 689#i
[8, 2, 4, 1]
[90, 30, 70, 20]
1
690 690#i
[8, 2, 4, 1]
[90, 30, 70, 20]
1
691 691#i
[8, 2, 4, 1]
[90, 30, 70, 20]
1
692 692#i
[8, 2, 4, 1]
[90, 30, 70, 20]
1
693 693#i
[8, 2, 4, 1]
[90, 30, 70, 20]
1
694 694#i
[8, 2, 4, 1]
[90, 30, 70, 20]
1
695 695#i
[8, 2, 4, 1]
[90, 30, 70, 20]
1
696 696#i
[8, 2, 4, 1]
[90, 30, 70, 20]
1
697 697#i
[8, 2, 4, 1]
[90, 30, 70, 20]
1
698 698#i
[8, 2, 4, 1]
[90, 30, 70, 20]
1
699 699#i
[8, 2, 4, 1]
[90, 30, 70, 20]
1
700 700#i
[8, 2, 4, 1]
[90, 30, 70, 20]
1
701 701#i
[8, 2, 4, 1]
[90, 30, 70, 20]
1
702 702#i
[8, 2, 4, 1]
[90, 30, 70, 20]
1
703 703#i
[8, 2, 4, 1]
[90, 30, 70, 20]
1
704 704#i
[8, 2, 4, 1]
[90, 30, 70, 20]
1
705 705#i
[8, 2, 4, 1]
[90, 30, 70, 20]
1
706 706#i
[8, 2, 4, 1]
[90, 30, 70, 20]
1
707 707#i
[8, 2, 4, 1]
[90, 30, 70, 20]
1
708 708#i
[8, 2, 4, 1]
[90, 30, 70, 20]
1
709 709#i
[8, 2, 4, 1]
[90, 30, 70, 20]
1
710 710#i
[8, 2, 4, 1]
[90, 30, 70, 20]
1
711 711#i
[8, 2, 4, 1]
[90, 30, 70, 20]
1
712 712#i
[8, 2, 4, 1]
[90, 30, 70, 20]
1
713 713#i
[8, 2, 4, 1]
[90, 30, 70, 20]
1
714 714#i
[8, 2, 4, 1]
[90, 30, 70, 20]
1
715 715#i
[8, 2, 4, 1]
[90, 30, 70, 20]
1
716 716#i
[8, 2, 4, 1]
[90, 30, 70, 20]
1
717 717#i
[8, 2, 4, 1]
[90, 30, 70, 20]
1
718 718#i
[8, 2, 4, 1]
[90, 30, 70, 20]
1
719 719#i
[8, 2, 4, 1]
[90, 30, 70, 20]
1
720 720#i
[8, 2, 4, 1]
[90, 30, 70, 20]
1
721 721#i
[8, 2, 4, 1]
[90, 30, 70, 20]
1
722 722#i
[8, 2, 4, 1]
[90, 30, 70, 20]
1
723 723#i
[8, 2, 4, 1]
[90, 30, 70, 20]
1
724 724#i
[8, 2, 4, 1]
[90, 30, 70, 20]
1
725 725#i
[8, 2, 4, 1]
[90, 30, 70, 20]
1
726 726#i
[8, 2, 4, 1]
[90, 30, 70, 20]
1
727 727#i
[8, 2, 4, 1]
[90, 30, 70, 20]
1
728 728#i
[8, 2, 4, 1]
[90, 30, 70, 20]
1
729 729#i
[8, 2, 4, 1]
[90, 30, 70, 20]
1
730 730#i
[8, 2, 4, 1]
[90, 30, 70, 20]
1
731 731#i
[8, 2, 4, 1]
[90, 30, 70, 20]
1
732 732#i
[8, 2, 4, 1]
[90, 30, 70, 20]
1
733 733#i
[8, 2, 4, 1]
[90, 30, 70, 20]
1
734 734#i
[8, 2, 4, 1]
[90, 30, 70, 20]
1
735 735#i
[8, 2, 4, 1]
[90, 30, 70, 20]
1
736 736#i
[8, 2, 4, 1]
[90, 30, 70, 20]
1
737 737#i
[8, 2, 4, 1]
[90, 30, 70, 20]
1
738 738#i
[8, 2, 4, 1]
[90, 30, 70, 20]
1
739 739#i
[8, 2, 4, 1]
[90, 30, 70, 20]
1
740 740#i
[8, 2, 4, 1]
[90, 30, 70, 20]
1
741 741#i
[8, 2, 4, 1]
[90, 30, 70, 20]
1
742 742#i
[8, 2, 4, 1]
[90, 30, 70, 20]
1
743 743#i
[8, 2, 4, 1]
[90, 30, 70, 20]
1
744 744#i
[8, 2, 4, 1]
[90, 30, 70, 20]
1
745 745#i
[8, 2, 4, 1]
[90, 30, 70, 20]
1
746 746#i
[8, 2, 4, 1]
[90, 30, 70, 20]
1
747 747#i
[8, 2, 4, 1]
[90, 30, 70, 20]
1
748 748#i
[8, 2, 4, 1]
[90, 30, 70, 20]
1
749 749#i
[8, 2, 4, 1]
[90, 30, 70, 20]
1
750 750#i
[8, 2, 4, 1]
[90, 30, 70, 20]
1
751 751#i
[8, 2, 4, 1]
[90, 30, 70, 20]
1
752 752#i
[8, 2, 4, 1]
[90, 30, 70, 20]
1
753 753#i
[8, 2, 4, 1]
[90, 30, 70, 20]
1
754 754#i
[8, 2, 4, 1]
[90, 30, 70, 20]
1
755 755#i
[8, 2, 4, 1]
[90, 30, 70, 20]
1
756 756#i
[8, 2, 4, 1]
[90, 30, 70, 20]
1
757 757#i
[8, 2, 4, 1]
[90, 30, 70, 20]
1
758 758#i
[8, 2, 4, 1]
[90, 30, 70, 20]
1
759 759#i
[8, 2, 4, 1]
[90, 30, 70, 20]
1
760 760#i
[8, 2, 4, 1]
[90, 30, 70, 20]
1
761 761#i
[8, 2, 4, 1]
[90, 30, 70, 20]
1
762 762#i
[8, 2, 4, 1]
[90, 30, 70, 20]
1
763 763#i
[8, 2, 4, 1]
[90, 30, 70, 20]
1
764 764#i
[8, 2, 4, 1]
[90, 30, 70, 20]
1
765 765#i
[8, 2, 4, 1]
[90, 30, 70, 20]
1
766 766#i
[8, 2, 4, 1]
[90, 30, 70, 20]
1
767 767#i
[8, 2, 4, 1]
[90, 30, 70, 20]
1
768 768#i
[8, 2, 4, 1]
[90, 30, 70, 20]
1
769 769#i
[8, 2, 4, 1]
[90, 30, 70, 20]
1
770 770#i
[8, 2, 4, 1]
[90, 30, 70, 20]
1
771 771#i
[8, 2, 4, 1]
[90, 30, 70, 20]
1
772 772#i
[8, 2, 4, 1]
[90, 30, 70, 20]
1
773 773#i
[8, 2, 4, 1]
[90, 30, 70, 20]
1
774 774#i
[8, 2, 4, 1]
[90, 30, 70, 20]
1
775 775#i
[8, 2, 4, 1]
[90, 30, 70, 20]
1
776 776#i
[8, 2, 4, 1]
[90, 30, 70, 20]
1
777 777#i
[8, 2, 4, 1]
[90, 30, 70, 20]
1
778 778#i
[8, 2, 4, 1]
[90, 30, 70, 20]
1
779 779#i
[8, 2, 4, 1]
[90, 30, 70, 20]
1
780 780#i
[8, 2, 4, 1]
[90, 30, 70, 20]
1
781 781#i
[8, 2, 4, 1]
[90, 30, 70, 20]
1
782 782#i
[8, 2, 4, 1]
[90, 30, 70, 20]
1
783 783#i
[8, 2, 4, 1]
[90, 30, 70, 20]
1
784 784#i
[8, 2, 4, 1]
[90, 30, 70, 20]
1
785 785#i
[8, 2, 4, 1]
[90, 30, 70, 20]
1
786 786#i
[8, 2, 4, 1]
[90, 30, 70, 20]
1
787 787#i
[8, 2, 4, 1]
[90, 30, 70, 20]
1
788 788#i
[8, 2, 4, 1]
[90, 30, 70, 20]
1
789 789#i
[8, 2, 4, 1]
[90, 30, 70, 20]
1
790 790#i
[8, 2, 4, 1]
[90, 30, 70, 20]
1
791 791#i
[8, 2, 4, 1]
[90, 30, 70, 20]
1
792 792#i
[8, 2, 4, 1]
[90, 30, 70, 20]
1
793 793#i
[8, 2, 4, 1]
[90, 30, 70, 20]
1
794 794#i
[8, 2, 4, 1]
[90, 30, 70, 20]
1
795 795#i
[8, 2, 4, 1]
[90, 30, 70, 20]
1
796 796#i
[8, 2, 4, 1]
[90, 30, 70, 20]
1
797 797#i
[8, 2, 4, 1]
[90, 30, 70, 20]
1
798 798#i
[8, 2, 4, 1]
[90, 30, 70, 20]
1
799 799#i
[8, 2, 4, 1]
[90, 30, 70, 20]
1
800 800#i
[8, 2, 4, 1]
[90, 30, 70, 20]
1
801 801#i
[8, 2, 4, 1]
[90, 30, 70, 20]
1
802 802#i
[8, 2, 4, 1]
[90, 30, 70, 20]
1
803 803#i
[8, 2, 4, 1]
[90, 30, 70, 20]
1
804 804#i
[8, 2, 4, 1]
[90, 30, 70, 20]
1
805 805#i
[8, 2, 4, 1]
[90, 30, 70, 20]
1
806 806#i
[8, 2, 4, 1]
[90, 30, 70, 20]
1
807 807#i
[8, 2, 4, 1]
[90, 30, 70, 20]
1
808 808#i
[8, 2, 4, 1]
[90, 30, 70, 20]
1
809 809#i
[8, 2, 4, 1]
[90, 30, 70, 20]
1
810 810#i
[8, 2, 4, 1]
[90, 30, 70, 20]
1
811 811#i
[8, 2, 4, 1]
[90, 30, 70, 20]
1
812 812#i
[8, 2, 4, 1]
[90, 30, 70, 20]
1
813 813#i
[8, 2, 4, 1]
[90, 30, 70, 20]
1
814 814#i
[8, 2, 4, 1]
[90, 30, 70, 20]
1
815 815#i
[8, 2, 4, 1]
[90, 30, 70, 20]
1
816 816#i
[8, 2, 4, 1]
[90, 30, 70, 20]
1
817 817#i
[8, 2, 4, 1]
[90, 30, 70, 20]
1
818 818#i
[8, 2, 4, 1]
[90, 30, 70, 20]
1
819 819#i
[8, 2, 4, 1]
[90, 30, 70, 20]
1
820 820#i
[8, 2, 4, 1]
[90, 30, 70, 20]
1
821 821#i
[8, 2, 4, 1]
[90, 30, 70, 20]
1
822 822#i
[8, 2, 4, 1]
[90, 30, 70, 20]
1
823 823#i
[8, 2, 4, 1]
[90, 30, 70, 20]
1
824 824#i
[8, 2, 4, 1]
[90, 30, 70, 20]
1
825 825#i
[8, 2, 4, 1]
[90, 30, 70, 20]
1
826 826#i
[8, 2, 4, 1]
[90, 30, 70, 20]
1
827 827#i
[8, 2, 4, 1]
[90, 30, 70, 20]
1
828 828#i
[8, 2, 4, 1]
[90, 30, 70, 20]
1
829 829#i
[8, 2, 4, 1]
[90, 30, 70, 20]
1
830 830#i
[8, 2, 4, 1]
[90, 30, 70, 20]
1
831 831#i
[8, 2, 4, 1]
[90, 30, 70, 20]
1
832 832#i
[8, 2, 4, 1]
[90, 30, 70, 20]
1
833 833#i
[8, 2, 4, 1]
[90, 30, 70, 20]
1
834 834#i
[8, 2, 4, 1]
[90, 30, 70, 20]
1
835 835#i
[8, 2, 4, 1]
[90, 30, 70, 20]
1
836 836#i
[8, 2, 4, 1]
[90, 30, 70, 20]
1
837 837#i
[8, 2, 4, 1]
[90, 30, 70, 20]
1
838 838#i
[8, 2, 4, 1]
[90, 30, 70, 20]
1
839 839#i
[8, 2, 4, 1]
[90, 30, 70, 20]
1
840 840#i
[8, 2, 4, 1]
[90, 30, 70, 20]
1
841 841#i
[8, 2, 4, 1]
[90, 30, 70, 20]
1
842 842#i
[8, 2, 4, 1]
[90, 30, 70, 20]
1
843 843#i
[8, 2, 4, 1]
[90, 30, 70, 20]
1
844 844#i
[8, 2, 4, 1]
[90, 30, 70, 20]
1
845 845#i
[8, 2, 4, 1]
[90, 30, 70, 20]
1
846 846#i
[8, 2, 4, 1]
[90, 30, 70, 20]
1
847 847#i
[8, 2, 4, 1]
[90, 30, 70, 20]
1
848 848#i
[8, 2, 4, 1]
[90, 30, 70, 20]
1
849 849#i
[8, 2, 4, 1]
[90, 30, 70, 20]
1
850 850#i
[8, 2, 4, 1]
[90, 30, 70, 20]
1
851 851#i
[8, 2, 4, 1]
[90, 30, 70, 20]
1
852 852#i
[8, 2, 4, 1]
[90, 30, 70, 20]
1
853 853#i
[8, 2, 4, 1]
[90, 30, 70, 20]
1
854 854#i
[8, 2, 4, 1]
[90, 30, 70, 20]
1
855 855#i
[8, 2, 4, 1]
[90, 30, 70, 20]
1
856 856#i
[8, 2, 4, 1]
[90, 30, 70, 20]
1
857 857#i
[8, 2, 4, 1]
[90, 30, 70, 20]
1
858 858#i
[8, 2, 4, 1]
[90, 30, 70, 20]
1
859 859#i
[8, 2, 4, 1]
[90, 30, 70, 20]
1
860 860#i
[8, 2, 4, 1]
[90, 30, 70, 20]
1
861 861#i
[8, 2, 4, 1]
[90, 30, 70, 20]
1
862 862#i
[8, 2, 4, 1]
[90, 30, 70, 20]
1
863 863#i
[8, 2, 4, 1]
[90, 30, 70, 20]
1
864 864#i
[8, 2, 4, 1]
[90, 30, 70, 20]
1
865 865#i
[8, 2, 4, 1]
[90, 30, 70, 20]
1
866 866#i
[8, 2, 4, 1]
[90, 30, 70, 20]
1
867 867#i
[8, 2, 4, 1]
[90, 30, 70, 20]
1
868 868#i
[8, 2, 4, 1]
[90, 30, 70, 20]
1
869 869#i
[8, 2, 4, 1]
[90, 30, 70, 20]
1
870 870#i
[8, 2, 4, 1]
[90, 30, 70, 20]
1
871 871#i
[8, 2, 4, 1]
[90, 30, 70, 20]
1
872 872#i
[8, 2, 4, 1]
[90, 30, 70, 20]
1
873 873#i
[8, 2, 4, 1]
[90, 30, 70, 20]
1
874 874#i
[8, 2, 4, 1]
[90, 30, 70, 20]
1
875 875#i
[8, 2, 4, 1]
[90, 30, 70, 20]
1
876 876#i
[8, 2, 4, 1]
[90, 30, 70, 20]
1
877 877#i
[8, 2, 4, 1]
[90, 30, 70, 20]
1
878 878#i
[8, 2, 4, 1]
[90, 30, 70, 20]
1
879 879#i
[8, 2, 4, 1]
[90, 30, 70, 20]
1
880 880#i
[8, 2, 4, 1]
[90, 30, 70, 20]
1
881 881#i
[8, 2, 4, 1]
[90, 30, 70, 20]
1
882 882#i
[8, 2, 4, 1]
[90, 30, 70, 20]
1
883 883#i
[8, 2, 4, 1]
[90, 30, 70, 20]
1
884 884#i
[8, 2, 4, 1]
[90, 30, 70, 20]
1
885 885#i
[8, 2, 4, 1]
[90, 30, 70, 20]
1
886 886#i
[8, 2, 4, 1]
[90, 30, 70, 20]
1
887 887#i
[8, 2, 4, 1]
[90, 30, 70, 20]
1
888 888#i
[8, 2, 4, 1]
[90, 30, 70, 20]
1
889 889#i
[8, 2, 4, 1]
[90, 30, 70, 20]
1
890 890#i
[8, 2, 4, 1]
[90, 30, 70, 20]
1
891 891#i
[8, 2, 4, 1]
[90, 30, 70, 20]
1
892 892#i
[8, 2, 4, 1]
[90, 30, 70, 20]
1
893 893#i
[8, 2, 4, 1]
[90, 30, 70, 20]
1
894 894#i
[8, 2, 4, 1]
[90, 30, 70, 20]
1
895 895#i
[8, 2, 4, 1]
[90, 30, 70, 20]
1
896 896#i
[8, 2, 4, 1]
[90, 30, 70, 20]
1
897 897#i
[8, 2, 4, 1]
[90, 30, 70, 20]
1
898 898#i
[8, 2, 4, 1]
[90, 30, 70, 20]
1
899 899#i
[8, 2, 4, 1]
[90, 30, 70, 20]
1
900 900#i
[8, 2, 4, 1]
[90, 30, 70, 20]
1
901 901#i
[8, 2, 4, 1]
[90, 30, 70, 20]
1
902 902#i
[8, 2, 4, 1]
[90, 30, 70, 20]
1
903 903#i
[8, 2, 4, 1]
[90, 30, 70, 20]
1
904 904#i
[8, 2, 4, 1]
[90, 30, 70, 20]
1
905 905#i
[8, 2, 4, 1]
[90, 30, 70, 20]
1
906 906#i
[8, 2, 4, 1]
[90, 30, 70, 20]
1
907 907#i
[8, 2, 4, 1]
[90, 30, 70, 20]
1
908 908#i
[8, 2, 4, 1]
[90, 30, 70, 20]
1
909 909#i
[8, 2, 4, 1]
[90, 30, 70, 20]
1
910 910#i
[8, 2, 4, 1]
[90, 30, 70, 20]
1
911 911#i
[8, 2, 4, 1]
[90, 30, 70, 20]
1
912 912#i
[8, 2, 4, 1]
[90, 30, 70, 20]
1
913 913#i
[8, 2, 4, 1]
[90, 30, 70, 20]
1
914 914#i
[8, 2, 4, 1]
[90, 30, 70, 20]
1
915 915#i
[8, 2, 4, 1]
[90, 30, 70, 20]
1
916 916#i
[8, 2, 4, 1]
[90, 30, 70, 20]
1
917 917#i
[8, 2, 4, 1]
[90, 30, 70, 20]
1
918 918#i
[8, 2, 4, 1]
[90, 30, 70, 20]
1
919 919#i
[8, 2, 4, 1]
[90, 30, 70, 20]
1
920 920#i
[8, 2, 4, 1]
[90, 30, 70, 20]
1
921 921#i
[8, 2, 4, 1]
[90, 30, 70, 20]
1
922 922#i
[8, 2, 4, 1]
[90, 30, 70, 20]
1
923 923#i
[8, 2, 4, 1]
[90, 30, 70, 20]
1
924 924#i
[8, 2, 4, 1]
[90, 30, 70, 20]
1
925 925#i
[8, 2, 4, 1]
[90, 30, 70, 20]
1
926 926#i
[8, 2, 4, 1]
[90, 30, 70, 20]
1
927 927#i
[8, 2, 4, 1]
[90, 30, 70, 20]
1
928 928#i
[8, 2, 4, 1]
[90, 30, 70, 20]
1
929 929#i
[8, 2, 4, 1]
[90, 30, 70, 20]
1
930 930#i
[8, 2, 4, 1]
[90, 30, 70, 20]
1
931 931#i
[8, 2, 4, 1]
[90, 30, 70, 20]
1
932 932#i
[8, 2, 4, 1]
[90, 30, 70, 20]
1
933 933#i
[8, 2, 4, 1]
[90, 30, 70, 20]
1
934 934#i
[8, 2, 4, 1]
[90, 30, 70, 20]
1
935 935#i
[8, 2, 4, 1]
[90, 30, 70, 20]
1
936 936#i
[8, 2, 4, 1]
[90, 30, 70, 20]
1
937 937#i
[8, 2, 4, 1]
[90, 30, 70, 20]
1
938 938#i
[8, 2, 4, 1]
[90, 30, 70, 20]
1
939 939#i
[8, 2, 4, 1]
[90, 30, 70, 20]
1
940 940#i
[8, 2, 4, 1]
[90, 30, 70, 20]
1
941 941#i
[8, 2, 4, 1]
[90, 30, 70, 20]
1
942 942#i
[8, 2, 4, 1]
[90, 30, 70, 20]
1
943 943#i
[8, 2, 4, 1]
[90, 30, 70, 20]
1
944 944#i
[8, 2, 4, 1]
[90, 30, 70, 20]
1
945 945#i
[8, 2, 4, 1]
[90, 30, 70, 20]
1
946 946#i
[8, 2, 4, 1]
[90, 30, 70, 20]
1
947 947#i
[8, 2, 4, 1]
[90, 30, 70, 20]
1
948 948#i
[8, 2, 4, 1]
[90, 30, 70, 20]
1
949 949#i
[8, 2, 4, 1]
[90, 30, 70, 20]
1
950 950#i
[8, 2, 4, 1]
[90, 30, 70, 20]
1
951 951#i
[8, 2, 4, 1]
[90, 30, 70, 20]
1
952 952#i
[8, 2, 4, 1]
[90, 30, 70, 20]
1
953 953#i
[8, 2, 4, 1]
[90, 30, 70, 20]
1
954 954#i
[8, 2, 4, 1]
[90, 30, 70, 20]
1
955 955#i
[8, 2, 4, 1]
[90, 30, 70, 20]
1
956 956#i
[8, 2, 4, 1]
[90, 30, 70, 20]
1
957 957#i
[8, 2, 4, 1]
[90, 30, 70, 20]
1
958 958#i
[8, 2, 4, 1]
[90, 30, 70, 20]
1
959 959#i
[8, 2, 4, 1]
[90, 30, 70, 20]
1
960 960#i
[8, 2, 4, 1]
[90, 30, 70, 20]
1
961 961#i
[8, 2, 4, 1]
[90, 30, 70, 20]
1
962 962#i
[8, 2, 4, 1]
[90, 30, 70, 20]
1
963 963#i
[8, 2, 4, 1]
[90, 30, 70, 20]
1
964 964#i
[8, 2, 4, 1]
[90, 30, 70, 20]
1
965 965#i
[8, 2, 4, 1]
[90, 30, 70, 20]
1
966 966#i
[8, 2, 4, 1]
[90, 30, 70, 20]
1
967 967#i
[8, 2, 4, 1]
[90, 30, 70, 20]
1
968 968#i
[8, 2, 4, 1]
[90, 30, 70, 20]
1
969 969#i
[8, 2, 4, 1]
[90, 30, 70, 20]
1
970 970#i
[8, 2, 4, 1]
[90, 30, 70, 20]
1
971 971#i
[8, 2, 4, 1]
[90, 30, 70, 20]
1
972 972#i
[8, 2, 4, 1]
[90, 30, 70, 20]
1
973 973#i
[8, 2, 4, 1]
[90, 30, 70, 20]
1
974 974#i
[8, 2, 4, 1]
[90, 30, 70, 20]
1
975 975#i
[8, 2, 4, 1]
[90, 30, 70, 20]
1
976 976#i
[8, 2, 4, 1]
[90, 30, 70, 20]
1
977 977#i
[8, 2, 4, 1]
[90, 30, 70, 20]
1
978 978#i
[8, 2, 4, 1]
[90, 30, 70, 20]
1
979 979#i
[8, 2, 4, 1]
[90, 30, 70, 20]
1
980 980#i
[8, 2, 4, 1]
[90, 30, 70, 20]
1
981 981#i
[8, 2, 4, 1]
[90, 30, 70, 20]
1
982 982#i
[8, 2, 4, 1]
[90, 30, 70, 20]
1
983 983#i
[8, 2, 4, 1]
[90, 30, 70, 20]
1
984 984#i
[8, 2, 4, 1]
[90, 30, 70, 20]
1
985 985#i
[8, 2, 4, 1]
[90, 30, 70, 20]
1
986 986#i
[8, 2, 4, 1]
[90, 30, 70, 20]
1
987 987#i
[8, 2, 4, 1]
[90, 30, 70, 20]
1
988 988#i
[8, 2, 4, 1]
[90, 30, 70, 20]
1
989 989#i
[8, 2, 4, 1]
[90, 30, 70, 20]
1
990 990#i
[8, 2, 4, 1]
[90, 30, 70, 20]
1
991 991#i
[8, 2, 4, 1]
[90, 30, 70, 20]
1
992 992#i
[8, 2, 4, 1]
[90, 30, 70, 20]
1
993 993#i
[8, 2, 4, 1]
[90, 30, 70, 20]
1
994 994#i
[8, 2, 4, 1]
[90, 30, 70, 20]
1
995 995#i
[8, 2, 4, 1]
[90, 30, 70, 20]
1
996 996#i
[8, 2, 4, 1]
[90, 30, 70, 20]
1
997 997#i
[8, 2, 4, 1]
[90, 30, 70, 20]
1
998 998#i
[8, 2, 4, 1]
[90, 30, 70, 20]
1
999 999#i
[8, 2, 4, 1]
[90, 30, 70, 20]
1

499999999999#i
[8, 2, 4, 1]
[90, 30, 70, 20]
249999999999#i
[8, 2, 4, 1]
[90, 30, 70, 20]
124999999999#i
[8, 2, 4, 1]
[90, 30, 70, 20]
62499999999#i
[8, 2, 4, 1]
[90, 30, 70, 20]
31249999999#i
[8, 2, 4, 1]
[90, 30, 70, 20]
15624999999#i
[8, 2, 4, 1]
[90, 30, 70, 20]
7812499999#i
[8, 2, 4, 1]
[90, 30, 70, 20]
3906249999#i
[8, 2, 4, 1]
[90, 30, 70, 20]
1953124999#i
[8, 2, 4, 1]
[90, 30, 70, 20]
976562499#i
[8, 2, 4, 1]
[90, 30, 70, 20]
488281249#i
[8, 2, 4, 1]
[90, 30, 70, 20]
244140624#i
[8, 2, 4, 1]
[90, 30, 70, 20]
122070311#i
[8, 2, 4, 1]
[90, 30, 70, 20]
61035155#i
[8, 2, 4, 1]
[90, 30, 70, 20]
30517577#i
[8, 2, 4, 1]
[90, 30, 70, 20]
15258788#i
[8, 2, 4, 1]
[90, 30, 70, 20]
7629393#i
[8, 2, 4, 1]
[90, 30, 70, 20]
3814696#i
[8, 2, 4, 1]
[90, 30, 70, 20]
1907347#i
[8, 2, 4, 1]
[90, 30, 70, 20]
953673#i
[8, 2, 4, 1]
[90, 30, 70, 20]
476836#i
[8, 2, 4, 1]
[90, 30, 70, 20]
238417#i
[8, 2, 4, 1]
[90, 30, 70, 20]
119208#i
[8, 2, 4, 1]
[90, 30, 70, 20]
59603#i
[8, 2, 4, 1]
[90, 30, 70, 20]
29801#i
[8, 2, 4, 1]
[90, 30, 70, 20]
14900#i
[8, 2, 4, 1]
[90, 30, 70, 20]
7449#i
[8, 2, 4, 1]
[90, 30, 70, 20]
3724#i
[8, 2, 4, 1]
[90, 30, 70, 20]
1861#i
[8, 2, 4, 1]
[90, 30, 70, 20]
930#i
[8, 2, 4, 1]
[90, 30, 70, 20]
464#i
[8, 2, 4, 1]
[90, 30, 70, 20]
231#i
[8, 2, 4, 1]
[90, 30, 70, 20]
115#i
[8, 2, 4, 1]
[90, 30, 70, 20]
173#i
[8, 2, 4, 1]
[90, 30, 70, 20]
144#i
[8, 2, 4, 1]
[90, 30, 70, 20]
158#i
[8, 2, 4, 1]
[90, 30, 70, 20]
165#i
[8, 2, 4, 1]
[90, 30, 70, 20]
161#i
[8, 2, 4, 1]
[90, 30, 70, 20]
159#i
[8, 2, 4, 1]
[90, 30, 70, 20]
160#i
[8, 2, 4, 1]
[90, 30, 70, 20]
160
