1111111111111110000000000
1111111111111101000000000
1111111111111011000000000
1111111111110111000000000
1111111111101111000000000
1111111111011111000000000
1111111110111111000000000
1111111101111111000000000
1111111011111111000000000
1111110111111111000000000
1111101111111111000000000
1111011111111111000000000
1110111111111111000000000
1101111111111111000000000
1011111111111111000000000
0111111111111111000000000
0111111111111110100000000
0111111111111101100000000
0111111111111011100000000
0111111111110111100000000
0111111111101111100000000
0111111111011111100000000
0111111110111111100000000
0111111101111111100000000
0111111011111111100000000
0111110111111111100000000
0111101111111111100000000
0111011111111111100000000
0110111111111111100000000
0101111111111111100000000
0011111111111111100000000
0011111111111111010000000
0011111111111110110000000
0011111111111101110000000
0011111111111011110000000
0011111111110111110000000
0011111111101111110000000
0011111111011111110000000
0011111110111111110000000
0011111101111111110000000
0011111011111111110000000
0011110111111111110000000
0011101111111111110000000
0011011111111111110000000
0010111111111111110000000
0001111111111111110000000
0001111111111111101000000
0001111111111111011000000
0001111111111110111000000
0001111111111101111000000
0001111111111011111000000
0001111111110111111000000
0001111111101111111000000
0001111111011111111000000
0001111110111111111000000
0001111101111111111000000
0001111011111111111000000
0001110111111111111000000
0001101111111111111000000
0001011111111111111000000
0000111111111111111000000
0000111111111111110100000
0000111111111111101100000
0000111111111111011100000
0000111111111110111100000
0000111111111101111100000
0000111111111011111100000
0000111111110111111100000
0000111111101111111100000
0000111111011111111100000
0000111110111111111100000
0000111101111111111100000
0000111011111111111100000
0000110111111111111100000
0000101111111111111100000
0000011111111111111100000
0000011111111111111010000
0000011111111111110110000
0000011111111111101110000
0000011111111111011110000
0000011111111110111110000
0000011111111101111110000
0000011111111011111110000
0000011111110111111110000
0000011111101111111110000
0000011111011111111110000
0000011110111111111110000
0000011101111111111110000
0000011011111111111110000
0000010111111111111110000
0000001111111111111110000
0000001111111111111101000
0000001111111111111011000
0000001111111111110111000
0000001111111111101111000
0000001111111111011111000
0000001111111110111111000
0000001111111101111111000
0000001111111011111111000
0000001111110111111111000
0000001111101111111111000
0000001111011111111111000
0000001110111111111111000
0000001101111111111111000
0000001011111111111111000
0000000111111111111111000
0000000111111111111110100
0000000111111111111101100
0000000111111111111011100
0000000111111111110111100
0000000111111111101111100
0000000111111111011111100
0000000111111110111111100
0000000111111101111111100
0000000111111011111111100
0000000111110111111111100
0000000111101111111111100
0000000111011111111111100
0000000110111111111111100
0000000101111111111111100
0000000011111111111111100
0000000011111111111111010
0000000011111111111110110
0000000011111111111101110
0000000011111111111011110
0000000011111111110111110
0000000011111111101111110
0000000011111111011111110
0000000011111110111111110
0000000011111101111111110
0000000011111011111111110
0000000011110111111111110
0000000011101111111111110
0000000011011111111111110
0000000010111111111111110
0000000001111111111111110
0000000001111111111111101
0000000001111111111111011
0000000001111111111110111
0000000001111111111101111
0000000001111111111011111
0000000001111111110111111
0000000001111111101111111
0000000001111111011111111
0000000001111110111111111
0000000001111101111111111
0000000001111011111111111
0000000001110111111111111
0000000001101111111111111
0000000001011111111111111
