first
0 0
22345022 704171581
51146784 821413108
107513447 1175220366
136315209 1292461893
158091530 1179879166
186893292 1297120693
243259955 1650927951
272061717 1768169478
273590145 1421452688
324168228 1426111488
380534891 1779918746
409336653 1897160273
second
0 0
5310725 463433600
17736640 766456340
28815868 767526366
41241783 1070549106
92108314 1159802535
104534229 1462825275
115613457 1463895301
128039372 1766918041
136966252 558193168
138050214 938701730
142276977 1021626768
145165404 778290870
149392167 861215908
150476129 1241724470
154702892 1324649508
160471395 862285934
161555357 1242794496
165782120 1325719534
168670547 1082383636
172897310 1165308674
173981272 1545817236
178208035 1628742274
223763841 1254562103
224847803 1635070665
229074566 1717995703
231962993 1474659805
236189756 1557584843
237273718 1938093405
241500481 2021018443
247268984 1558654869
248352946 1939163431
252579709 2022088469
255468136 1778752571
259694899 1861677609
260778861 2242186171
265005624 2325111209
274165548 680573164
275016466 1496894898
279476273 1144006764
282131656 1336484038
286591463 983595904
287442381 1799917638
291902188 1447029504
297670691 984665930
298521609 1800987664
302981416 1448099530
305636799 1640576804
310096606 1287688670
310947524 2104010404
315407331 1751122270
328318152 854671717
339397380 855741743
351823295 1158764483
356503330 1729830233
360963137 1376942099
361814055 2193263833
366273862 1840375699
368929245 2032852973
373389052 1679964839
374239970 2496286573
378699777 2143398439
384468280 1681034865
385319198 2497356599
389779005 2144468465
392434388 2336945739
396894195 1984057605
397745113 2800379339
402204920 2447491205
406540555 1422267332
412215762 1619274894
415115741 1551040652
418966470 1725290072
424641677 1922297634
426194969 1552110678
430045698 1726360098
435720905 1923367660
438620884 1855133418
442471613 2029382838
447547764 646408545
448146820 2226390400
452858489 1109842145
455746916 866506247
459973679 949431285
461057641 1329939847
465284404 1412864885
471052907 950501311
472136869 1331009873
476363632 1413934911
479252059 1170599013
483478822 1253524051
484562784 1634032613
488027419 1655202667
488789547 1716957651
493338144 2118636267
499013351 2315643829
243259955 1650927951 252579709 2022088469 HIT!!!!!!!!!!!!!!!!!!!!!!!!!!!
max
0 499013351
22345022 476363632
51146784 448146820
107513447 389779005
136315209 361814055
158091530 339397380
186893292 310947524
243259955 255468136
272061717 224847803
273590145 224847803
324168228 173981272
380534891 115613457
409336653 41241783
3485725726
