4
10
20
35
56
83
116
155
198
244
292
341
390
439
488
537
586
635
684
733
782
831
880
929
978
1027
1076
1125
1174
1223
1272
1321
1370
1419
1468
1517
1566
1615
1664
1713
1762
1811
1860
1909
1958
2007
2056
2105
2154
2203
2252
2301
2350
2399
2448
2497
2546
2595
2644
2693
2742
2791
2840
2889
2938
2987
3036
3085
3134
3183
3232
3281
3330
3379
3428
3477
3526
3575
3624
3673
3722
3771
3820
3869
3918
3967
4016
4065
4114
4163
4212
4261
4310
4359
4408
4457
4506
4555
4604
4653
4702
4751
4800
4849
4898
4947
4996
5045
5094
5143
5192
5241
5290
5339
5388
5437
5486
5535
5584
5633
5682
5731
5780
5829
5878
5927
5976
6025
6074
6123
6172
6221
6270
6319
6368
6417
6466
6515
6564
6613
6662
6711
6760
6809
6858
6907
6956
7005
7054
7103
7152
7201
7250
7299
7348
7397
7446
7495
7544
7593
7642
7691
7740
7789
7838
7887
7936
7985
8034
8083
8132
8181
8230
8279
8328
8377
8426
8475
8524
8573
8622
8671
8720
8769
8818
8867
8916
8965
9014
9063
9112
9161
9210
9259
9308
9357
9406
9455
9504
9553
9602
9651
9700
9749
9798
9847
9896
9945
9994
10043
10092
10141
10190
10239
10288
10337
10386
10435
10484
10533
10582
10631
10680
10729
10778
10827
10876
10925
10974
11023
11072
11121
11170
11219
11268
11317
11366
11415
11464
11513
11562
11611
11660
11709
11758
11807
11856
11905
11954
12003
12052
12101
12150
12199
12248
12297
12346
12395
12444
12493
12542
12591
12640
12689
12738
12787
12836
12885
12934
12983
13032
13081
13130
13179
13228
13277
13326
13375
13424
13473
13522
13571
13620
13669
13718
13767
13816
13865
13914
13963
14012
14061
14110
14159
14208
14257
14306
14355
14404
14453
14502
14551
14600
14649
14698
14747
14796
14845
14894
14943
14992
15041
15090
15139
15188
15237
15286
15335
15384
15433
15482
15531
15580
15629
15678
15727
15776
15825
15874
15923
15972
16021
16070
16119
16168
16217
16266
16315
16364
16413
16462
16511
16560
16609
16658
16707
16756
16805
16854
16903
16952
17001
17050
17099
17148
17197
17246
17295
17344
17393
17442
17491
17540
17589
17638
17687
17736
17785
17834
17883
17932
17981
18030
18079
18128
18177
18226
18275
18324
18373
18422
18471
18520
18569
18618
18667
18716
18765
18814
18863
18912
18961
19010
19059
19108
19157
19206
19255
19304
19353
19402
19451
19500
19549
19598
19647
19696
19745
19794
19843
19892
19941
19990
20039
20088
20137
20186
20235
20284
20333
20382
20431
20480
20529
20578
20627
20676
20725
20774
20823
20872
20921
20970
21019
21068
21117
21166
21215
21264
21313
21362
21411
21460
21509
21558
21607
21656
21705
21754
21803
21852
21901
21950
21999
22048
22097
22146
22195
22244
22293
22342
22391
22440
22489
22538
22587
22636
22685
22734
22783
22832
22881
22930
22979
23028
23077
23126
23175
23224
23273
23322
23371
23420
23469
23518
23567
23616
23665
23714
23763
23812
23861
23910
23959
24008
24057
24106
24155
24204
24253
24302
24351
24400
24449
24498
24547
24596
24645
24694
24743
24792
24841
24890
24939
24988
25037
25086
25135
25184
25233
25282
25331
25380
25429
25478
25527
25576
25625
25674
25723
25772
25821
25870
25919
25968
26017
26066
26115
26164
26213
26262
26311
26360
26409
26458
26507
26556
26605
26654
26703
26752
26801
26850
26899
26948
26997
27046
27095
27144
27193
27242
27291
27340
27389
27438
27487
27536
27585
27634
27683
27732
27781
27830
27879
27928
27977
28026
28075
28124
28173
28222
28271
28320
28369
28418
28467
28516
28565
28614
28663
28712
28761
28810
28859
28908
28957
29006
29055
29104
29153
29202
29251
29300
29349
29398
29447
29496
29545
29594
29643
29692
29741
29790
29839
29888
29937
29986
30035
30084
30133
30182
30231
30280
30329
30378
30427
30476
30525
30574
30623
30672
30721
30770
30819
30868
30917
30966
31015
31064
31113
31162
31211
31260
31309
31358
31407
31456
31505
31554
31603
31652
31701
31750
31799
31848
31897
31946
31995
32044
32093
32142
32191
32240
32289
32338
32387
32436
32485
32534
32583
32632
32681
32730
32779
32828
32877
32926
32975
33024
33073
33122
33171
33220
33269
33318
33367
33416
33465
33514
33563
33612
33661
33710
33759
33808
33857
33906
33955
34004
34053
34102
34151
34200
34249
34298
34347
34396
34445
34494
34543
34592
34641
34690
34739
34788
34837
34886
34935
34984
35033
35082
35131
35180
35229
35278
35327
35376
35425
35474
35523
35572
35621
35670
35719
35768
35817
35866
35915
35964
36013
36062
36111
36160
36209
36258
36307
36356
36405
36454
36503
36552
36601
36650
36699
36748
36797
36846
36895
36944
36993
37042
37091
37140
37189
37238
37287
37336
37385
37434
37483
37532
37581
37630
37679
37728
37777
37826
37875
37924
37973
38022
38071
38120
38169
38218
38267
38316
38365
38414
38463
38512
38561
38610
38659
38708
38757
38806
38855
38904
38953
39002
39051
39100
39149
39198
39247
39296
39345
39394
39443
39492
39541
39590
39639
39688
39737
39786
39835
39884
39933
39982
40031
40080
40129
40178
40227
40276
40325
40374
40423
40472
40521
40570
40619
40668
40717
40766
40815
40864
40913
40962
41011
41060
41109
41158
41207
41256
41305
41354
41403
41452
41501
41550
41599
41648
41697
41746
41795
41844
41893
41942
41991
42040
42089
42138
42187
42236
42285
42334
42383
42432
42481
42530
42579
42628
42677
42726
42775
42824
42873
42922
42971
43020
43069
43118
43167
43216
43265
43314
43363
43412
43461
43510
43559
43608
43657
43706
43755
43804
43853
43902
43951
44000
44049
44098
44147
44196
44245
44294
44343
44392
44441
44490
44539
44588
44637
44686
44735
44784
44833
44882
44931
44980
45029
45078
45127
45176
45225
45274
45323
45372
45421
45470
45519
45568
45617
45666
45715
45764
45813
45862
45911
45960
46009
46058
46107
46156
46205
46254
46303
46352
46401
46450
46499
46548
46597
46646
46695
46744
46793
46842
46891
46940
46989
47038
47087
47136
47185
47234
47283
47332
47381
47430
47479
47528
47577
47626
47675
47724
47773
47822
47871
47920
47969
48018
48067
48116
48165
48214
48263
48312
48361
48410
48459
48508
48557
48606
48655
48704
