3#
1#
0#
(-0.640706, 0.0115362) 
(-0.640706, 0.0115362) (1, 0) 
(-0.640706, 0.0115362) (1, 0) (1, 0) (1, 0)
(1, 0) (-0.640706, 0.0115362) (1, 0) (1, 0) (1, 0) (1, 0) (1, 0) (1, 0) (1, 0) (1, 0) (1, 0) 
5#
2#
0#
(0.0997502, 0.16751) (-0.640706, 0.0115362) (-0.155688, 0.169306) (-0.640706, 0.0115362) (1, 0) (-0.155688, 0.169306) (1, 0) (1, 0) (-0.640706, 0.0115362) (1, 0) (1, 0) (-0.155688, 0.169306) (1, 0) (1, 0) (1, 0) (1, 0) (1, 0) (1, 0) 
4#
1#
0#
(-0.0830602, 0.30741) (0.533504, -0.887054) (-0.155688, 0.169306) (-0.640706, 0.0115362) (-0.832682, -0.877448) (-0.155688, 0.169306) (1, 0) (1, 0) (-0.640706, 0.0115362) (1, 0) (-0.832682, -0.877448) (-0.155688, 0.169306) (1, 0) (1, 0) (1, 0) (1, 0) (1, 0) (1, 0) 
3#
1#
0#
(-0.115877, 0.402855) (0.744289, -1.50011) (-0.155688, 0.169306) (-0.893846, 0.747778) (-0.832682, -0.877448) (-0.155688, 0.169306) (1, 0) (1, 0) (-0.893846, 0.747778) (1, 0) (-0.832682, -0.877448) (-0.155688, 0.169306) (1, 0) (1, 0) (1, 0) (1, 0) (1, 0) (1, 0) 
5#
2#
0#
(-0.0145015, 0.812342) (0.744289, -1.50011) (-0.0194837, 0.783114) (-0.893846, 0.747778) (-0.832682, -0.877448) (-0.0194837, 0.783114) (1, 0) (1, 0) (-0.893846, 0.747778) (1, 0) (-0.832682, -0.877448) (-0.155688, 0.169306) (0.125146, 0.761926) (1, 0) (1, 0) (1, 0) (1, 0) (1, 0) 
3#
1#
0#
(-0.011699, 0.815198) (0.600452, -1.6467) (-0.0194837, 0.783114) (-0.721106, 0.923821) (-0.832682, -0.877448) (-0.0194837, 0.783114) (1, 0) (1, 0) (-0.721106, 0.923821) (1, 0) (-0.832682, -0.877448) (-0.155688, 0.169306) (0.125146, 0.761926) (1, 0) (1, 0) (1, 0) (1, 0) (1, 0) 
5#
2#
0#
(-0.0688766, -0.662397) (0.600452, -1.6467) (-0.114708, -0.851287) (-0.721106, 0.923821) (-0.832682, -0.877448) (-0.114708, -0.851287) (1, 0) (1, 0) (-0.721106, 0.923821) (1, 0) (-0.832682, -0.877448) (-0.155688, 0.169306) (0.736781, -0.976028) (1, 0) (1, 0) (1, 0) (1, 0) (1, 0) 
5#
2#
0#
(0.351796, -1.8574) (0.600452, -1.6467) (0.585885, -0.892629) (-0.721106, 0.923821) (-0.832682, -0.877448) (0.585885, -0.892629) (1, 0) (1, 0) (-0.721106, 0.923821) (1, 0) (-0.832682, -0.877448) (0.795196, 0.113194) (0.736781, -0.976028) (1, 0) (1, 0) (1, 0) (1, 0) (1, 0) 
4#
1#
0#
(0.326275, -1.41222) (0.556893, -0.886851) (0.585885, -0.892629) (-0.721106, 0.923821) (-0.772276, -0.173406) (0.585885, -0.892629) (1, 0) (1, 0) (-0.721106, 0.923821) (0.927456, -0.845511) (-0.832682, -0.877448) (0.795196, 0.113194) (0.736781, -0.976028) (1, 0) (1, 0) (1, 0) (1, 0) (1, 0) 
-1.50560845856907721263
1.00000000000000000000
