(-0.640706, 0.0115362) (-0.640706, 0.0115362) (1, 0) (1, 0) (-0.640706, 0.0115362) (1, 0) (1, 0) (1, 0) (1, 0) 
(0.0997502, -0.0969392) (0.0997502, -0.0969392) (1, 0) (-0.155688, 0.169306) (-0.640706, 0.0115362) (1, 0) (1, 0) (-0.155688, 0.169306) (1, 0) 
(-0.0830602, -0.796728) (0.0997502, -0.0969392) (-0.832682, -0.877448) (-0.155688, 0.169306) (-0.640706, 0.0115362) (1, 0) (-0.832682, -0.877448) (-0.155688, 0.169306) (1, 0) 
(-0.115877, -1.3741) (0.139161, 0.596445) (-0.832682, -0.877448) (-0.155688, 0.169306) (-0.893846, 0.747778) (1, 0) (-0.832682, -0.877448) (-0.155688, 0.169306) (1, 0) 
(-0.0145015, -0.917246) (0.0174155, 0.0477947) (-0.832682, -0.877448) (-0.0194837, 0.783114) (-0.893846, 0.747778) (1, 0) (-0.832682, -0.877448) (-0.155688, 0.169306) (0.125146, 0.761926) 
(-0.011699, -1.17647) (0.0140498, 0.359113) (-0.832682, -0.877448) (-0.0194837, 0.783114) (-0.721106, 0.923821) (1, 0) (-0.832682, -0.877448) (-0.155688, 0.169306) (0.125146, 0.761926) 
(-0.0688766, -2.15785) (0.0827166, 1.53769) (-0.832682, -0.877448) (-0.114708, -0.851287) (-0.721106, 0.923821) (1, 0) (-0.832682, -0.877448) (-0.155688, 0.169306) (0.736781, -0.976028) 
(0.351796, -2.18268) (-0.422485, 1.5675) (-0.832682, -0.877448) (0.585885, -0.892629) (-0.721106, 0.923821) (1, 0) (-0.832682, -0.877448) (0.795196, 0.113194) (0.736781, -0.976028) 
(0.326275, -1.38395) (-0.422485, 1.5675) (-0.772276, -0.173406) (0.585885, -0.892629) (-0.721106, 0.923821) (0.927456, -0.845511) (-0.832682, -0.877448) (0.795196, 0.113194) (0.736781, -0.976028) 
-2.2267304440067337539116421041285320825409
1.0000000000000000000000000000000000000000
