1#i
-1 2 -1 -1 -1 -1 -1 -1 -1 -1 
-1 2 6 -1 -1 -1 -1 -1 -1 -1 
-1 2 6 11 -1 -1 -1 -1 -1 -1 
-1 2 6 11 18 -1 -1 -1 -1 -1 
-1 2 6 11 18 27 -1 -1 -1 -1 
-1 2 6 11 18 27 38 -1 -1 -1 
-1 2 6 11 18 27 38 51 -1 -1 
-1 2 6 11 18 27 38 51 66 -1 
-1 2 6 11 18 27 38 51 66 83 
-1 2 6 11 18 27 38 51 66 83 
-1 2 6 11 18 27 38 51 66 83 
-1 2 6 11 18 27 38 51 66 83 
-1 2 6 11 18 27 38 51 66 83 
-1 2 6 11 18 27 38 51 66 83 
-1 2 6 11 18 27 38 51 66 83 
-1 2 6 11 18 27 38 51 66 83 
-1 2 6 11 18 27 38 51 66 83 
-1 2 6 11 18 27 38 51 66 83 
-1 2 6 11 18 27 38 51 66 83 
-1 2 6 11 18 27 38 51 66 83 
-1 2 6 11 18 27 38 51 66 83 
-1 2 6 11 18 27 38 51 66 83 
-1 2 6 11 18 27 38 51 66 83 
-1 2 6 11 18 27 38 51 66 83 
-1 2 6 11 18 27 38 51 66 83 
-1 2 6 11 18 27 38 51 66 83 
-1 2 6 11 18 27 38 51 66 83 
-1 2 6 11 18 27 38 51 66 83 
-1 2 6 11 18 27 38 51 66 83 
-1 2 6 11 18 27 38 51 66 83 
-1 2 6 11 18 27 38 51 66 83 
-1 2 6 11 18 27 38 51 66 83 
-1 2 6 11 18 27 38 51 66 83 
-1 2 6 11 18 27 38 51 66 83 
-1 2 6 11 18 27 38 51 66 83 
-1 2 6 11 18 27 38 51 66 83 
-1 2 6 11 18 27 38 51 66 83 
-1 2 6 11 18 27 38 51 66 83 
-1 2 6 11 18 27 38 51 66 83 
-1 2 6 11 18 27 38 51 66 83 
-1 2 6 11 18 27 38 51 66 83 
-1 2 6 11 18 27 38 51 66 83 
-1 2 6 11 18 27 38 51 66 83 
-1 2 6 11 18 27 38 51 66 83 
-1 2 6 11 18 27 38 51 66 83 
-1 2 6 11 18 27 38 51 66 83 
-1 2 6 11 18 27 38 51 66 83 
-1 2 6 11 18 27 38 51 66 83 
-1 2 6 11 18 27 38 51 66 83 
-1 2 6 11 18 27 38 51 66 83 
-1 2 6 11 18 27 38 51 66 83 
-1 2 6 11 18 27 38 51 66 83 
-1 2 6 11 18 27 38 51 66 83 
-1 2 6 11 18 27 38 51 66 83 
-1 2 6 11 18 27 38 51 66 83 
-1 2 6 11 18 27 38 51 66 83 
-1 2 6 11 18 27 38 51 66 83 
-1 2 6 11 18 27 38 51 66 83 
-1 2 6 11 18 27 38 51 66 83 
-1 2 6 11 18 27 38 51 66 83 
-1 2 6 11 18 27 38 51 66 83 
-1 2 6 11 18 27 38 51 66 83 
-1 2 6 11 18 27 38 51 66 83 
-1 2 6 11 18 27 38 51 66 83 
-1 2 6 11 18 27 38 51 66 83 
-1 2 6 11 18 27 38 51 66 83 
-1 2 6 11 18 27 38 51 66 83 
-1 2 6 11 18 27 38 51 66 83 
-1 2 6 11 18 27 38 51 66 83 
-1 2 6 11 18 27 38 51 66 83 
-1 2 6 11 18 27 38 51 66 83 
-1 2 6 11 18 27 38 51 66 83 
-1 2 6 11 18 27 38 51 66 83 
-1 2 6 11 18 27 38 51 66 83 
-1 2 6 11 18 27 38 51 66 83 
-1 2 6 11 18 27 38 51 66 83 
-1 2 6 11 18 27 38 51 66 83 
-1 2 6 11 18 27 38 51 66 83 
-1 2 6 11 18 27 38 51 66 83 
-1 2 6 11 18 27 38 51 66 83 
-1 2 6 11 18 27 38 51 66 83 
-1 2 6 11 18 27 38 51 66 83 
-1 2 6 11 18 27 38 51 66 83 
-1 2 6 11 18 27 38 51 66 83 
-1 2 6 11 18 27 38 51 66 83 
-1 2 6 11 18 27 38 51 66 83 
-1 2 6 11 18 27 38 51 66 83 
-1 2 6 11 18 27 38 51 66 83 
-1 2 6 11 18 27 38 51 66 83 
-1 2 6 11 18 27 38 51 66 83 
-1 2 6 11 18 27 38 51 66 83 
-1 2 6 11 18 27 38 51 66 83 
-1 2 6 11 18 27 38 51 66 83 
-1 2 6 11 18 27 38 51 66 83 
-1 2 6 11 18 27 38 51 66 83 
-1 2 6 11 18 27 38 51 66 83 
-1 2 6 11 18 27 38 51 66 83 
-1 2 6 11 18 27 38 51 66 83 
-1 2 6 11 18 27 38 51 66 83 
-1 2 6 11 18 27 38 51 66 83 
-1 2 6 11 18 27 38 51 66 83 
-1 2 6 11 18 27 38 51 66 83 
-1 2 6 11 18 27 38 51 66 83 
-1 2 6 11 18 27 38 51 66 83 
-1 2 6 11 18 27 38 51 66 83 
-1 2 6 11 18 27 38 51 66 83 
-1 2 6 11 18 27 38 51 66 83 
-1 2 6 11 18 27 38 51 66 83 
-1 2 6 11 18 27 38 51 66 83 
-1 2 6 11 18 27 38 51 66 83 
-1 2 6 11 18 27 38 51 66 83 
-1 2 6 11 18 27 38 51 66 83 
-1 2 6 11 18 27 38 51 66 83 
-1 2 6 11 18 27 38 51 66 83 
-1 2 6 11 18 27 38 51 66 83 
-1 2 6 11 18 27 38 51 66 83 
-1 2 6 11 18 27 38 51 66 83 
-1 2 6 11 18 27 38 51 66 83 
-1 2 6 11 18 27 38 51 66 83 
-1 2 6 11 18 27 38 51 66 83 
-1 2 6 11 18 27 38 51 66 83 
-1 2 6 11 18 27 38 51 66 83 
-1 2 6 11 18 27 38 51 66 83 
-1 2 6 11 18 27 38 51 66 83 
-1 2 6 11 18 27 38 51 66 83 
-1 2 6 11 18 27 38 51 66 83 
-1 2 6 11 18 27 38 51 66 83 
-1 2 6 11 18 27 38 51 66 83 
-1 2 6 11 18 27 38 51 66 83 
-1 2 6 11 18 27 38 51 66 83 
-1 2 6 11 18 27 38 51 66 83 
-1 2 6 11 18 27 38 51 66 83 
-1 2 6 11 18 27 38 51 66 83 
-1 2 6 11 18 27 38 51 66 83 
-1 2 6 11 18 27 38 51 66 83 
-1 2 6 11 18 27 38 51 66 83 
-1 2 6 11 18 27 38 51 66 83 
-1 2 6 11 18 27 38 51 66 83 
-1 2 6 11 18 27 38 51 66 83 
-1 2 6 11 18 27 38 51 66 83 
-1 2 6 11 18 27 38 51 66 83 
-1 2 6 11 18 27 38 51 66 83 
-1 2 6 11 18 27 38 51 66 83 
-1 2 6 11 18 27 38 51 66 83 
-1 2 6 11 18 27 38 51 66 83 
-1 2 6 11 18 27 38 51 66 83 
-1 2 6 11 18 27 38 51 66 83 
-1 2 6 11 18 27 38 51 66 83 
-1 2 6 11 18 27 38 51 66 83 
-1 2 6 11 18 27 38 51 66 83 
-1 2 6 11 18 27 38 51 66 83 
-1 2 6 11 18 27 38 51 66 83 
-1 2 6 11 18 27 38 51 66 83 
-1 2 6 11 18 27 38 51 66 83 
-1 2 6 11 18 27 38 51 66 83 
-1 2 6 11 18 27 38 51 66 83 
-1 2 6 11 18 27 38 51 66 83 
-1 2 6 11 18 27 38 51 66 83 
-1 2 6 11 18 27 38 51 66 83 
-1 2 6 11 18 27 38 51 66 83 
-1 2 6 11 18 27 38 51 66 83 
-1 2 6 11 18 27 38 51 66 83 
-1 2 6 11 18 27 38 51 66 83 
-1 2 6 11 18 27 38 51 66 83 
-1 2 6 11 18 27 38 51 66 83 
-1 2 6 11 18 27 38 51 66 83 
-1 2 6 11 18 27 38 51 66 83 
-1 2 6 11 18 27 38 51 66 83 
-1 2 6 11 18 27 38 51 66 83 
-1 2 6 11 18 27 38 51 66 83 
-1 2 6 11 18 27 38 51 66 83 
-1 2 6 11 18 27 38 51 66 83 
-1 2 6 11 18 27 38 51 66 83 
-1 2 6 11 18 27 38 51 66 83 
-1 2 6 11 18 27 38 51 66 83 
-1 2 6 11 18 27 38 51 66 83 
-1 2 6 11 18 27 38 51 66 83 
-1 2 6 11 18 27 38 51 66 83 
-1 2 6 11 18 27 38 51 66 83 
-1 2 6 11 18 27 38 51 66 83 
-1 2 6 11 18 27 38 51 66 83 
-1 2 6 11 18 27 38 51 66 83 
-1 2 6 11 18 27 38 51 66 83 
-1 2 6 11 18 27 38 51 66 83 
-1 2 6 11 18 27 38 51 66 83 
-1 2 6 11 18 27 38 51 66 83 
-1 2 6 11 18 27 38 51 66 83 
-1 2 6 11 18 27 38 51 66 83 
-1 2 6 11 18 27 38 51 66 83 
-1 2 6 11 18 27 38 51 66 83 
-1 2 6 11 18 27 38 51 66 83 
-1 2 6 11 18 27 38 51 66 83 
-1 2 6 11 18 27 38 51 66 83 
-1 2 6 11 18 27 38 51 66 83 
-1 2 6 11 18 27 38 51 66 83 
-1 2 6 11 18 27 38 51 66 83 
-1 2 6 11 18 27 38 51 66 83 
-1 2 6 11 18 27 38 51 66 83 
-1 2 6 11 18 27 38 51 66 83 
-1 2 6 11 18 27 38 51 66 83 
-1 2 6 11 18 27 38 51 66 83 
-1 2 6 11 18 27 38 51 66 83 
-1 2 6 11 18 27 38 51 66 83 
-1 2 6 11 18 27 38 51 66 83 
-1 2 6 11 18 27 38 51 66 83 
-1 2 6 11 18 27 38 51 66 83 
-1 2 6 11 18 27 38 51 66 83 
-1 2 6 11 18 27 38 51 66 83 
-1 2 6 11 18 27 38 51 66 83 
-1 2 6 11 18 27 38 51 66 83 
-1 2 6 11 18 27 38 51 66 83 
-1 2 6 11 18 27 38 51 66 83 
-1 2 6 11 18 27 38 51 66 83 
-1 2 6 11 18 27 38 51 66 83 
-1 2 6 11 18 27 38 51 66 83 
-1 2 6 11 18 27 38 51 66 83 
-1 2 6 11 18 27 38 51 66 83 
-1 2 6 11 18 27 38 51 66 83 
-1 2 6 11 18 27 38 51 66 83 
-1 2 6 11 18 27 38 51 66 83 
-1 2 6 11 18 27 38 51 66 83 
-1 2 6 11 18 27 38 51 66 83 
-1 2 6 11 18 27 38 51 66 83 
-1 2 6 11 18 27 38 51 66 83 
-1 2 6 11 18 27 38 51 66 83 
-1 2 6 11 18 27 38 51 66 83 
-1 2 6 11 18 27 38 51 66 83 
-1 2 6 11 18 27 38 51 66 83 
-1 2 6 11 18 27 38 51 66 83 
-1 2 6 11 18 27 38 51 66 83 
-1 2 6 11 18 27 38 51 66 83 
-1 2 6 11 18 27 38 51 66 83 
-1 2 6 11 18 27 38 51 66 83 
-1 2 6 11 18 27 38 51 66 83 
-1 2 6 11 18 27 38 51 66 83 
-1 2 6 11 18 27 38 51 66 83 
-1 2 6 11 18 27 38 51 66 83 
-1 2 6 11 18 27 38 51 66 83 
-1 2 6 11 18 27 38 51 66 83 
-1 2 6 11 18 27 38 51 66 83 
-1 2 6 11 18 27 38 51 66 83 
-1 2 6 11 18 27 38 51 66 83 
-1 2 6 11 18 27 38 51 66 83 
-1 2 6 11 18 27 38 51 66 83 
-1 2 6 11 18 27 38 51 66 83 
-1 2 6 11 18 27 38 51 66 83 
-1 2 6 11 18 27 38 51 66 83 
-1 2 6 11 18 27 38 51 66 83 
-1 2 6 11 18 27 38 51 66 83 
-1 2 6 11 18 27 38 51 66 83 
-1 2 6 11 18 27 38 51 66 83 
-1 2 6 11 18 27 38 51 66 83 
-1 2 6 11 18 27 38 51 66 83 
-1 2 6 11 18 27 38 51 66 83 
-1 2 6 11 18 27 38 51 66 83 
-1 2 6 11 18 27 38 51 66 83 
-1 2 6 11 18 27 38 51 66 83 
-1 2 6 11 18 27 38 51 66 83 
-1 2 6 11 18 27 38 51 66 83 
-1 2 6 11 18 27 38 51 66 83 
-1 2 6 11 18 27 38 51 66 83 
-1 2 6 11 18 27 38 51 66 83 
-1 2 6 11 18 27 38 51 66 83 
-1 2 6 11 18 27 38 51 66 83 
-1 2 6 11 18 27 38 51 66 83 
-1 2 6 11 18 27 38 51 66 83 
-1 2 6 11 18 27 38 51 66 83 
-1 2 6 11 18 27 38 51 66 83 
-1 2 6 11 18 27 38 51 66 83 
-1 2 6 11 18 27 38 51 66 83 
-1 2 6 11 18 27 38 51 66 83 
-1 2 6 11 18 27 38 51 66 83 
-1 2 6 11 18 27 38 51 66 83 
-1 2 6 11 18 27 38 51 66 83 
-1 2 6 11 18 27 38 51 66 83 
-1 2 6 11 18 27 38 51 66 83 
-1 2 6 11 18 27 38 51 66 83 
-1 2 6 11 18 27 38 51 66 83 
-1 2 6 11 18 27 38 51 66 83 
-1 2 6 11 18 27 38 51 66 83 
-1 2 6 11 18 27 38 51 66 83 
-1 2 6 11 18 27 38 51 66 83 
-1 2 6 11 18 27 38 51 66 83 
-1 2 6 11 18 27 38 51 66 83 
-1 2 6 11 18 27 38 51 66 83 
-1 2 6 11 18 27 38 51 66 83 
-1 2 6 11 18 27 38 51 66 83 
-1 2 6 11 18 27 38 51 66 83 
-1 2 6 11 18 27 38 51 66 83 
-1 2 6 11 18 27 38 51 66 83 
-1 2 6 11 18 27 38 51 66 83 
-1 2 6 11 18 27 38 51 66 83 
-1 2 6 11 18 27 38 51 66 83 
-1 2 6 11 18 27 38 51 66 83 
-1 2 6 11 18 27 38 51 66 83 
-1 2 6 11 18 27 38 51 66 83 
-1 2 6 11 18 27 38 51 66 83 
-1 2 6 11 18 27 38 51 66 83 
-1 2 6 11 18 27 38 51 66 83 
-1 2 6 11 18 27 38 51 66 83 
-1 2 6 11 18 27 38 51 66 83 
-1 2 6 11 18 27 38 51 66 83 
-1 2 6 11 18 27 38 51 66 83 
-1 2 6 11 18 27 38 51 66 83 
-1 2 6 11 18 27 38 51 66 83 
-1 2 6 11 18 27 38 51 66 83 
-1 2 6 11 18 27 38 51 66 83 
-1 2 6 11 18 27 38 51 66 83 
-1 2 6 11 18 27 38 51 66 83 
-1 2 6 11 18 27 38 51 66 83 
-1 2 6 11 18 27 38 51 66 83 
-1 2 6 11 18 27 38 51 66 83 
-1 2 6 11 18 27 38 51 66 83 
-1 2 6 11 18 27 38 51 66 83 
-1 2 6 11 18 27 38 51 66 83 
-1 2 6 11 18 27 38 51 66 83 
-1 2 6 11 18 27 38 51 66 83 
-1 2 6 11 18 27 38 51 66 83 
-1 2 6 11 18 27 38 51 66 83 
-1 2 6 11 18 27 38 51 66 83 
-1 2 6 11 18 27 38 51 66 83 
-1 2 6 11 18 27 38 51 66 83 
-1 2 6 11 18 27 38 51 66 83 
-1 2 6 11 18 27 38 51 66 83 
-1 2 6 11 18 27 38 51 66 83 
-1 2 6 11 18 27 38 51 66 83 
-1 2 6 11 18 27 38 51 66 83 
-1 2 6 11 18 27 38 51 66 83 
-1 2 6 11 18 27 38 51 66 83 
-1 2 6 11 18 27 38 51 66 83 
-1 2 6 11 18 27 38 51 66 83 
-1 2 6 11 18 27 38 51 66 83 
-1 2 6 11 18 27 38 51 66 83 
-1 2 6 11 18 27 38 51 66 83 
-1 2 6 11 18 27 38 51 66 83 
-1 2 6 11 18 27 38 51 66 83 
-1 2 6 11 18 27 38 51 66 83 
-1 2 6 11 18 27 38 51 66 83 
-1 2 6 11 18 27 38 51 66 83 
-1 2 6 11 18 27 38 51 66 83 
-1 2 6 11 18 27 38 51 66 83 
-1 2 6 11 18 27 38 51 66 83 
-1 2 6 11 18 27 38 51 66 83 
-1 2 6 11 18 27 38 51 66 83 
-1 2 6 11 18 27 38 51 66 83 
-1 2 6 11 18 27 38 51 66 83 
-1 2 6 11 18 27 38 51 66 83 
-1 2 6 11 18 27 38 51 66 83 
-1 2 6 11 18 27 38 51 66 83 
2#i
-1 -1 6 -1 -1 -1 -1 -1 -1 -1 
-1 -1 6 11 -1 -1 -1 -1 -1 -1 
-1 -1 6 11 18 -1 -1 -1 -1 -1 
-1 -1 6 11 18 27 -1 -1 -1 -1 
-1 -1 6 11 18 27 38 -1 -1 -1 
-1 -1 6 11 18 27 38 51 -1 -1 
-1 -1 6 11 18 27 38 51 66 -1 
-1 -1 6 11 18 27 38 51 66 83 
-1 -1 6 11 18 27 38 51 66 83 
-1 -1 6 11 18 27 38 51 66 83 
-1 -1 6 11 18 27 38 51 66 83 
-1 -1 6 11 18 27 38 51 66 83 
-1 -1 6 11 18 27 38 51 66 83 
-1 -1 6 11 18 27 38 51 66 83 
-1 -1 6 11 18 27 38 51 66 83 
-1 -1 6 11 18 27 38 51 66 83 
-1 -1 6 11 18 27 38 51 66 83 
-1 -1 6 11 18 27 38 51 66 83 
-1 -1 6 11 18 27 38 51 66 83 
-1 -1 6 11 18 27 38 51 66 83 
-1 -1 6 11 18 27 38 51 66 83 
-1 -1 6 11 18 27 38 51 66 83 
-1 -1 6 11 18 27 38 51 66 83 
-1 -1 6 11 18 27 38 51 66 83 
-1 -1 6 11 18 27 38 51 66 83 
-1 -1 6 11 18 27 38 51 66 83 
-1 -1 6 11 18 27 38 51 66 83 
-1 -1 6 11 18 27 38 51 66 83 
-1 -1 6 11 18 27 38 51 66 83 
-1 -1 6 11 18 27 38 51 66 83 
-1 -1 6 11 18 27 38 51 66 83 
-1 -1 6 11 18 27 38 51 66 83 
-1 -1 6 11 18 27 38 51 66 83 
-1 -1 6 11 18 27 38 51 66 83 
-1 -1 6 11 18 27 38 51 66 83 
-1 -1 6 11 18 27 38 51 66 83 
-1 -1 6 11 18 27 38 51 66 83 
-1 -1 6 11 18 27 38 51 66 83 
-1 -1 6 11 18 27 38 51 66 83 
-1 -1 6 11 18 27 38 51 66 83 
-1 -1 6 11 18 27 38 51 66 83 
-1 -1 6 11 18 27 38 51 66 83 
-1 -1 6 11 18 27 38 51 66 83 
-1 -1 6 11 18 27 38 51 66 83 
-1 -1 6 11 18 27 38 51 66 83 
-1 -1 6 11 18 27 38 51 66 83 
-1 -1 6 11 18 27 38 51 66 83 
-1 -1 6 11 18 27 38 51 66 83 
-1 -1 6 11 18 27 38 51 66 83 
-1 -1 6 11 18 27 38 51 66 83 
-1 -1 6 11 18 27 38 51 66 83 
-1 -1 6 11 18 27 38 51 66 83 
-1 -1 6 11 18 27 38 51 66 83 
-1 -1 6 11 18 27 38 51 66 83 
-1 -1 6 11 18 27 38 51 66 83 
-1 -1 6 11 18 27 38 51 66 83 
-1 -1 6 11 18 27 38 51 66 83 
-1 -1 6 11 18 27 38 51 66 83 
-1 -1 6 11 18 27 38 51 66 83 
-1 -1 6 11 18 27 38 51 66 83 
-1 -1 6 11 18 27 38 51 66 83 
-1 -1 6 11 18 27 38 51 66 83 
-1 -1 6 11 18 27 38 51 66 83 
-1 -1 6 11 18 27 38 51 66 83 
-1 -1 6 11 18 27 38 51 66 83 
-1 -1 6 11 18 27 38 51 66 83 
-1 -1 6 11 18 27 38 51 66 83 
-1 -1 6 11 18 27 38 51 66 83 
-1 -1 6 11 18 27 38 51 66 83 
-1 -1 6 11 18 27 38 51 66 83 
-1 -1 6 11 18 27 38 51 66 83 
-1 -1 6 11 18 27 38 51 66 83 
-1 -1 6 11 18 27 38 51 66 83 
-1 -1 6 11 18 27 38 51 66 83 
-1 -1 6 11 18 27 38 51 66 83 
-1 -1 6 11 18 27 38 51 66 83 
-1 -1 6 11 18 27 38 51 66 83 
-1 -1 6 11 18 27 38 51 66 83 
-1 -1 6 11 18 27 38 51 66 83 
-1 -1 6 11 18 27 38 51 66 83 
-1 -1 6 11 18 27 38 51 66 83 
-1 -1 6 11 18 27 38 51 66 83 
-1 -1 6 11 18 27 38 51 66 83 
-1 -1 6 11 18 27 38 51 66 83 
-1 -1 6 11 18 27 38 51 66 83 
-1 -1 6 11 18 27 38 51 66 83 
-1 -1 6 11 18 27 38 51 66 83 
-1 -1 6 11 18 27 38 51 66 83 
-1 -1 6 11 18 27 38 51 66 83 
-1 -1 6 11 18 27 38 51 66 83 
-1 -1 6 11 18 27 38 51 66 83 
-1 -1 6 11 18 27 38 51 66 83 
-1 -1 6 11 18 27 38 51 66 83 
-1 -1 6 11 18 27 38 51 66 83 
-1 -1 6 11 18 27 38 51 66 83 
-1 -1 6 11 18 27 38 51 66 83 
-1 -1 6 11 18 27 38 51 66 83 
-1 -1 6 11 18 27 38 51 66 83 
-1 -1 6 11 18 27 38 51 66 83 
-1 -1 6 11 18 27 38 51 66 83 
-1 -1 6 11 18 27 38 51 66 83 
-1 -1 6 11 18 27 38 51 66 83 
-1 -1 6 11 18 27 38 51 66 83 
-1 -1 6 11 18 27 38 51 66 83 
-1 -1 6 11 18 27 38 51 66 83 
-1 -1 6 11 18 27 38 51 66 83 
-1 -1 6 11 18 27 38 51 66 83 
-1 -1 6 11 18 27 38 51 66 83 
-1 -1 6 11 18 27 38 51 66 83 
-1 -1 6 11 18 27 38 51 66 83 
-1 -1 6 11 18 27 38 51 66 83 
-1 -1 6 11 18 27 38 51 66 83 
-1 -1 6 11 18 27 38 51 66 83 
-1 -1 6 11 18 27 38 51 66 83 
-1 -1 6 11 18 27 38 51 66 83 
-1 -1 6 11 18 27 38 51 66 83 
-1 -1 6 11 18 27 38 51 66 83 
-1 -1 6 11 18 27 38 51 66 83 
-1 -1 6 11 18 27 38 51 66 83 
-1 -1 6 11 18 27 38 51 66 83 
-1 -1 6 11 18 27 38 51 66 83 
-1 -1 6 11 18 27 38 51 66 83 
-1 -1 6 11 18 27 38 51 66 83 
-1 -1 6 11 18 27 38 51 66 83 
-1 -1 6 11 18 27 38 51 66 83 
-1 -1 6 11 18 27 38 51 66 83 
-1 -1 6 11 18 27 38 51 66 83 
-1 -1 6 11 18 27 38 51 66 83 
-1 -1 6 11 18 27 38 51 66 83 
-1 -1 6 11 18 27 38 51 66 83 
-1 -1 6 11 18 27 38 51 66 83 
-1 -1 6 11 18 27 38 51 66 83 
-1 -1 6 11 18 27 38 51 66 83 
-1 -1 6 11 18 27 38 51 66 83 
-1 -1 6 11 18 27 38 51 66 83 
-1 -1 6 11 18 27 38 51 66 83 
-1 -1 6 11 18 27 38 51 66 83 
-1 -1 6 11 18 27 38 51 66 83 
-1 -1 6 11 18 27 38 51 66 83 
-1 -1 6 11 18 27 38 51 66 83 
-1 -1 6 11 18 27 38 51 66 83 
-1 -1 6 11 18 27 38 51 66 83 
-1 -1 6 11 18 27 38 51 66 83 
-1 -1 6 11 18 27 38 51 66 83 
-1 -1 6 11 18 27 38 51 66 83 
-1 -1 6 11 18 27 38 51 66 83 
-1 -1 6 11 18 27 38 51 66 83 
-1 -1 6 11 18 27 38 51 66 83 
-1 -1 6 11 18 27 38 51 66 83 
-1 -1 6 11 18 27 38 51 66 83 
-1 -1 6 11 18 27 38 51 66 83 
-1 -1 6 11 18 27 38 51 66 83 
-1 -1 6 11 18 27 38 51 66 83 
-1 -1 6 11 18 27 38 51 66 83 
-1 -1 6 11 18 27 38 51 66 83 
-1 -1 6 11 18 27 38 51 66 83 
-1 -1 6 11 18 27 38 51 66 83 
-1 -1 6 11 18 27 38 51 66 83 
-1 -1 6 11 18 27 38 51 66 83 
-1 -1 6 11 18 27 38 51 66 83 
-1 -1 6 11 18 27 38 51 66 83 
-1 -1 6 11 18 27 38 51 66 83 
-1 -1 6 11 18 27 38 51 66 83 
-1 -1 6 11 18 27 38 51 66 83 
-1 -1 6 11 18 27 38 51 66 83 
-1 -1 6 11 18 27 38 51 66 83 
-1 -1 6 11 18 27 38 51 66 83 
-1 -1 6 11 18 27 38 51 66 83 
-1 -1 6 11 18 27 38 51 66 83 
-1 -1 6 11 18 27 38 51 66 83 
-1 -1 6 11 18 27 38 51 66 83 
-1 -1 6 11 18 27 38 51 66 83 
-1 -1 6 11 18 27 38 51 66 83 
-1 -1 6 11 18 27 38 51 66 83 
-1 -1 6 11 18 27 38 51 66 83 
-1 -1 6 11 18 27 38 51 66 83 
-1 -1 6 11 18 27 38 51 66 83 
-1 -1 6 11 18 27 38 51 66 83 
-1 -1 6 11 18 27 38 51 66 83 
-1 -1 6 11 18 27 38 51 66 83 
-1 -1 6 11 18 27 38 51 66 83 
-1 -1 6 11 18 27 38 51 66 83 
-1 -1 6 11 18 27 38 51 66 83 
-1 -1 6 11 18 27 38 51 66 83 
-1 -1 6 11 18 27 38 51 66 83 
-1 -1 6 11 18 27 38 51 66 83 
-1 -1 6 11 18 27 38 51 66 83 
-1 -1 6 11 18 27 38 51 66 83 
-1 -1 6 11 18 27 38 51 66 83 
-1 -1 6 11 18 27 38 51 66 83 
-1 -1 6 11 18 27 38 51 66 83 
-1 -1 6 11 18 27 38 51 66 83 
-1 -1 6 11 18 27 38 51 66 83 
-1 -1 6 11 18 27 38 51 66 83 
-1 -1 6 11 18 27 38 51 66 83 
-1 -1 6 11 18 27 38 51 66 83 
-1 -1 6 11 18 27 38 51 66 83 
-1 -1 6 11 18 27 38 51 66 83 
-1 -1 6 11 18 27 38 51 66 83 
-1 -1 6 11 18 27 38 51 66 83 
-1 -1 6 11 18 27 38 51 66 83 
-1 -1 6 11 18 27 38 51 66 83 
-1 -1 6 11 18 27 38 51 66 83 
-1 -1 6 11 18 27 38 51 66 83 
-1 -1 6 11 18 27 38 51 66 83 
-1 -1 6 11 18 27 38 51 66 83 
-1 -1 6 11 18 27 38 51 66 83 
-1 -1 6 11 18 27 38 51 66 83 
-1 -1 6 11 18 27 38 51 66 83 
-1 -1 6 11 18 27 38 51 66 83 
-1 -1 6 11 18 27 38 51 66 83 
-1 -1 6 11 18 27 38 51 66 83 
-1 -1 6 11 18 27 38 51 66 83 
-1 -1 6 11 18 27 38 51 66 83 
-1 -1 6 11 18 27 38 51 66 83 
-1 -1 6 11 18 27 38 51 66 83 
-1 -1 6 11 18 27 38 51 66 83 
-1 -1 6 11 18 27 38 51 66 83 
-1 -1 6 11 18 27 38 51 66 83 
-1 -1 6 11 18 27 38 51 66 83 
-1 -1 6 11 18 27 38 51 66 83 
-1 -1 6 11 18 27 38 51 66 83 
-1 -1 6 11 18 27 38 51 66 83 
-1 -1 6 11 18 27 38 51 66 83 
-1 -1 6 11 18 27 38 51 66 83 
-1 -1 6 11 18 27 38 51 66 83 
-1 -1 6 11 18 27 38 51 66 83 
-1 -1 6 11 18 27 38 51 66 83 
-1 -1 6 11 18 27 38 51 66 83 
-1 -1 6 11 18 27 38 51 66 83 
-1 -1 6 11 18 27 38 51 66 83 
-1 -1 6 11 18 27 38 51 66 83 
-1 -1 6 11 18 27 38 51 66 83 
-1 -1 6 11 18 27 38 51 66 83 
-1 -1 6 11 18 27 38 51 66 83 
-1 -1 6 11 18 27 38 51 66 83 
-1 -1 6 11 18 27 38 51 66 83 
-1 -1 6 11 18 27 38 51 66 83 
-1 -1 6 11 18 27 38 51 66 83 
-1 -1 6 11 18 27 38 51 66 83 
-1 -1 6 11 18 27 38 51 66 83 
-1 -1 6 11 18 27 38 51 66 83 
-1 -1 6 11 18 27 38 51 66 83 
-1 -1 6 11 18 27 38 51 66 83 
-1 -1 6 11 18 27 38 51 66 83 
-1 -1 6 11 18 27 38 51 66 83 
-1 -1 6 11 18 27 38 51 66 83 
-1 -1 6 11 18 27 38 51 66 83 
-1 -1 6 11 18 27 38 51 66 83 
-1 -1 6 11 18 27 38 51 66 83 
-1 -1 6 11 18 27 38 51 66 83 
-1 -1 6 11 18 27 38 51 66 83 
-1 -1 6 11 18 27 38 51 66 83 
-1 -1 6 11 18 27 38 51 66 83 
-1 -1 6 11 18 27 38 51 66 83 
-1 -1 6 11 18 27 38 51 66 83 
-1 -1 6 11 18 27 38 51 66 83 
-1 -1 6 11 18 27 38 51 66 83 
-1 -1 6 11 18 27 38 51 66 83 
-1 -1 6 11 18 27 38 51 66 83 
-1 -1 6 11 18 27 38 51 66 83 
-1 -1 6 11 18 27 38 51 66 83 
-1 -1 6 11 18 27 38 51 66 83 
-1 -1 6 11 18 27 38 51 66 83 
-1 -1 6 11 18 27 38 51 66 83 
-1 -1 6 11 18 27 38 51 66 83 
-1 -1 6 11 18 27 38 51 66 83 
-1 -1 6 11 18 27 38 51 66 83 
-1 -1 6 11 18 27 38 51 66 83 
-1 -1 6 11 18 27 38 51 66 83 
-1 -1 6 11 18 27 38 51 66 83 
-1 -1 6 11 18 27 38 51 66 83 
-1 -1 6 11 18 27 38 51 66 83 
-1 -1 6 11 18 27 38 51 66 83 
-1 -1 6 11 18 27 38 51 66 83 
-1 -1 6 11 18 27 38 51 66 83 
-1 -1 6 11 18 27 38 51 66 83 
-1 -1 6 11 18 27 38 51 66 83 
-1 -1 6 11 18 27 38 51 66 83 
-1 -1 6 11 18 27 38 51 66 83 
-1 -1 6 11 18 27 38 51 66 83 
-1 -1 6 11 18 27 38 51 66 83 
-1 -1 6 11 18 27 38 51 66 83 
-1 -1 6 11 18 27 38 51 66 83 
-1 -1 6 11 18 27 38 51 66 83 
-1 -1 6 11 18 27 38 51 66 83 
-1 -1 6 11 18 27 38 51 66 83 
-1 -1 6 11 18 27 38 51 66 83 
-1 -1 6 11 18 27 38 51 66 83 
-1 -1 6 11 18 27 38 51 66 83 
-1 -1 6 11 18 27 38 51 66 83 
-1 -1 6 11 18 27 38 51 66 83 
-1 -1 6 11 18 27 38 51 66 83 
-1 -1 6 11 18 27 38 51 66 83 
-1 -1 6 11 18 27 38 51 66 83 
-1 -1 6 11 18 27 38 51 66 83 
-1 -1 6 11 18 27 38 51 66 83 
-1 -1 6 11 18 27 38 51 66 83 
-1 -1 6 11 18 27 38 51 66 83 
-1 -1 6 11 18 27 38 51 66 83 
-1 -1 6 11 18 27 38 51 66 83 
-1 -1 6 11 18 27 38 51 66 83 
-1 -1 6 11 18 27 38 51 66 83 
-1 -1 6 11 18 27 38 51 66 83 
-1 -1 6 11 18 27 38 51 66 83 
-1 -1 6 11 18 27 38 51 66 83 
-1 -1 6 11 18 27 38 51 66 83 
-1 -1 6 11 18 27 38 51 66 83 
-1 -1 6 11 18 27 38 51 66 83 
-1 -1 6 11 18 27 38 51 66 83 
-1 -1 6 11 18 27 38 51 66 83 
-1 -1 6 11 18 27 38 51 66 83 
-1 -1 6 11 18 27 38 51 66 83 
-1 -1 6 11 18 27 38 51 66 83 
-1 -1 6 11 18 27 38 51 66 83 
-1 -1 6 11 18 27 38 51 66 83 
-1 -1 6 11 18 27 38 51 66 83 
-1 -1 6 11 18 27 38 51 66 83 
-1 -1 6 11 18 27 38 51 66 83 
-1 -1 6 11 18 27 38 51 66 83 
-1 -1 6 11 18 27 38 51 66 83 
-1 -1 6 11 18 27 38 51 66 83 
-1 -1 6 11 18 27 38 51 66 83 
-1 -1 6 11 18 27 38 51 66 83 
-1 -1 6 11 18 27 38 51 66 83 
-1 -1 6 11 18 27 38 51 66 83 
-1 -1 6 11 18 27 38 51 66 83 
-1 -1 6 11 18 27 38 51 66 83 
-1 -1 6 11 18 27 38 51 66 83 
-1 -1 6 11 18 27 38 51 66 83 
-1 -1 6 11 18 27 38 51 66 83 
-1 -1 6 11 18 27 38 51 66 83 
-1 -1 6 11 18 27 38 51 66 83 
-1 -1 6 11 18 27 38 51 66 83 
-1 -1 6 11 18 27 38 51 66 83 
-1 -1 6 11 18 27 38 51 66 83 
-1 -1 6 11 18 27 38 51 66 83 
-1 -1 6 11 18 27 38 51 66 83 
-1 -1 6 11 18 27 38 51 66 83 
-1 -1 6 11 18 27 38 51 66 83 
-1 -1 6 11 18 27 38 51 66 83 
-1 -1 6 11 18 27 38 51 66 83 
-1 -1 6 11 18 27 38 51 66 83 
-1 -1 6 11 18 27 38 51 66 83 
-1 -1 6 11 18 27 38 51 66 83 
-1 -1 6 11 18 27 38 51 66 83 
-1 -1 6 11 18 27 38 51 66 83 
-1 -1 6 11 18 27 38 51 66 83 
3#i
-1 -1 -1 11 -1 -1 -1 -1 -1 -1 
-1 -1 -1 11 18 -1 -1 -1 -1 -1 
-1 -1 -1 11 18 27 -1 -1 -1 -1 
-1 -1 -1 11 18 27 38 -1 -1 -1 
-1 -1 -1 11 18 27 38 51 -1 -1 
-1 -1 -1 11 18 27 38 51 66 -1 
-1 -1 -1 11 18 27 38 51 66 83 
-1 -1 -1 11 18 27 38 51 66 83 
-1 -1 -1 11 18 27 38 51 66 83 
-1 -1 -1 11 18 27 38 51 66 83 
-1 -1 -1 11 18 27 38 51 66 83 
-1 -1 -1 11 18 27 38 51 66 83 
-1 -1 -1 11 18 27 38 51 66 83 
-1 -1 -1 11 18 27 38 51 66 83 
-1 -1 -1 11 18 27 38 51 66 83 
-1 -1 -1 11 18 27 38 51 66 83 
-1 -1 -1 11 18 27 38 51 66 83 
-1 -1 -1 11 18 27 38 51 66 83 
-1 -1 -1 11 18 27 38 51 66 83 
-1 -1 -1 11 18 27 38 51 66 83 
-1 -1 -1 11 18 27 38 51 66 83 
-1 -1 -1 11 18 27 38 51 66 83 
-1 -1 -1 11 18 27 38 51 66 83 
-1 -1 -1 11 18 27 38 51 66 83 
-1 -1 -1 11 18 27 38 51 66 83 
-1 -1 -1 11 18 27 38 51 66 83 
-1 -1 -1 11 18 27 38 51 66 83 
-1 -1 -1 11 18 27 38 51 66 83 
-1 -1 -1 11 18 27 38 51 66 83 
-1 -1 -1 11 18 27 38 51 66 83 
-1 -1 -1 11 18 27 38 51 66 83 
-1 -1 -1 11 18 27 38 51 66 83 
-1 -1 -1 11 18 27 38 51 66 83 
-1 -1 -1 11 18 27 38 51 66 83 
-1 -1 -1 11 18 27 38 51 66 83 
-1 -1 -1 11 18 27 38 51 66 83 
-1 -1 -1 11 18 27 38 51 66 83 
-1 -1 -1 11 18 27 38 51 66 83 
-1 -1 -1 11 18 27 38 51 66 83 
-1 -1 -1 11 18 27 38 51 66 83 
-1 -1 -1 11 18 27 38 51 66 83 
-1 -1 -1 11 18 27 38 51 66 83 
-1 -1 -1 11 18 27 38 51 66 83 
-1 -1 -1 11 18 27 38 51 66 83 
-1 -1 -1 11 18 27 38 51 66 83 
-1 -1 -1 11 18 27 38 51 66 83 
-1 -1 -1 11 18 27 38 51 66 83 
-1 -1 -1 11 18 27 38 51 66 83 
-1 -1 -1 11 18 27 38 51 66 83 
-1 -1 -1 11 18 27 38 51 66 83 
-1 -1 -1 11 18 27 38 51 66 83 
-1 -1 -1 11 18 27 38 51 66 83 
-1 -1 -1 11 18 27 38 51 66 83 
-1 -1 -1 11 18 27 38 51 66 83 
-1 -1 -1 11 18 27 38 51 66 83 
-1 -1 -1 11 18 27 38 51 66 83 
-1 -1 -1 11 18 27 38 51 66 83 
-1 -1 -1 11 18 27 38 51 66 83 
-1 -1 -1 11 18 27 38 51 66 83 
-1 -1 -1 11 18 27 38 51 66 83 
-1 -1 -1 11 18 27 38 51 66 83 
-1 -1 -1 11 18 27 38 51 66 83 
-1 -1 -1 11 18 27 38 51 66 83 
-1 -1 -1 11 18 27 38 51 66 83 
-1 -1 -1 11 18 27 38 51 66 83 
-1 -1 -1 11 18 27 38 51 66 83 
-1 -1 -1 11 18 27 38 51 66 83 
-1 -1 -1 11 18 27 38 51 66 83 
-1 -1 -1 11 18 27 38 51 66 83 
-1 -1 -1 11 18 27 38 51 66 83 
-1 -1 -1 11 18 27 38 51 66 83 
-1 -1 -1 11 18 27 38 51 66 83 
-1 -1 -1 11 18 27 38 51 66 83 
-1 -1 -1 11 18 27 38 51 66 83 
-1 -1 -1 11 18 27 38 51 66 83 
-1 -1 -1 11 18 27 38 51 66 83 
-1 -1 -1 11 18 27 38 51 66 83 
-1 -1 -1 11 18 27 38 51 66 83 
-1 -1 -1 11 18 27 38 51 66 83 
-1 -1 -1 11 18 27 38 51 66 83 
-1 -1 -1 11 18 27 38 51 66 83 
-1 -1 -1 11 18 27 38 51 66 83 
-1 -1 -1 11 18 27 38 51 66 83 
-1 -1 -1 11 18 27 38 51 66 83 
-1 -1 -1 11 18 27 38 51 66 83 
-1 -1 -1 11 18 27 38 51 66 83 
-1 -1 -1 11 18 27 38 51 66 83 
-1 -1 -1 11 18 27 38 51 66 83 
-1 -1 -1 11 18 27 38 51 66 83 
-1 -1 -1 11 18 27 38 51 66 83 
-1 -1 -1 11 18 27 38 51 66 83 
-1 -1 -1 11 18 27 38 51 66 83 
-1 -1 -1 11 18 27 38 51 66 83 
-1 -1 -1 11 18 27 38 51 66 83 
-1 -1 -1 11 18 27 38 51 66 83 
-1 -1 -1 11 18 27 38 51 66 83 
-1 -1 -1 11 18 27 38 51 66 83 
-1 -1 -1 11 18 27 38 51 66 83 
-1 -1 -1 11 18 27 38 51 66 83 
-1 -1 -1 11 18 27 38 51 66 83 
-1 -1 -1 11 18 27 38 51 66 83 
-1 -1 -1 11 18 27 38 51 66 83 
-1 -1 -1 11 18 27 38 51 66 83 
-1 -1 -1 11 18 27 38 51 66 83 
-1 -1 -1 11 18 27 38 51 66 83 
-1 -1 -1 11 18 27 38 51 66 83 
-1 -1 -1 11 18 27 38 51 66 83 
-1 -1 -1 11 18 27 38 51 66 83 
-1 -1 -1 11 18 27 38 51 66 83 
-1 -1 -1 11 18 27 38 51 66 83 
-1 -1 -1 11 18 27 38 51 66 83 
-1 -1 -1 11 18 27 38 51 66 83 
-1 -1 -1 11 18 27 38 51 66 83 
-1 -1 -1 11 18 27 38 51 66 83 
-1 -1 -1 11 18 27 38 51 66 83 
-1 -1 -1 11 18 27 38 51 66 83 
-1 -1 -1 11 18 27 38 51 66 83 
-1 -1 -1 11 18 27 38 51 66 83 
-1 -1 -1 11 18 27 38 51 66 83 
-1 -1 -1 11 18 27 38 51 66 83 
-1 -1 -1 11 18 27 38 51 66 83 
-1 -1 -1 11 18 27 38 51 66 83 
-1 -1 -1 11 18 27 38 51 66 83 
-1 -1 -1 11 18 27 38 51 66 83 
-1 -1 -1 11 18 27 38 51 66 83 
-1 -1 -1 11 18 27 38 51 66 83 
-1 -1 -1 11 18 27 38 51 66 83 
-1 -1 -1 11 18 27 38 51 66 83 
-1 -1 -1 11 18 27 38 51 66 83 
-1 -1 -1 11 18 27 38 51 66 83 
-1 -1 -1 11 18 27 38 51 66 83 
-1 -1 -1 11 18 27 38 51 66 83 
-1 -1 -1 11 18 27 38 51 66 83 
-1 -1 -1 11 18 27 38 51 66 83 
-1 -1 -1 11 18 27 38 51 66 83 
-1 -1 -1 11 18 27 38 51 66 83 
-1 -1 -1 11 18 27 38 51 66 83 
-1 -1 -1 11 18 27 38 51 66 83 
-1 -1 -1 11 18 27 38 51 66 83 
-1 -1 -1 11 18 27 38 51 66 83 
-1 -1 -1 11 18 27 38 51 66 83 
-1 -1 -1 11 18 27 38 51 66 83 
-1 -1 -1 11 18 27 38 51 66 83 
-1 -1 -1 11 18 27 38 51 66 83 
-1 -1 -1 11 18 27 38 51 66 83 
-1 -1 -1 11 18 27 38 51 66 83 
-1 -1 -1 11 18 27 38 51 66 83 
-1 -1 -1 11 18 27 38 51 66 83 
-1 -1 -1 11 18 27 38 51 66 83 
-1 -1 -1 11 18 27 38 51 66 83 
-1 -1 -1 11 18 27 38 51 66 83 
-1 -1 -1 11 18 27 38 51 66 83 
-1 -1 -1 11 18 27 38 51 66 83 
-1 -1 -1 11 18 27 38 51 66 83 
-1 -1 -1 11 18 27 38 51 66 83 
-1 -1 -1 11 18 27 38 51 66 83 
-1 -1 -1 11 18 27 38 51 66 83 
-1 -1 -1 11 18 27 38 51 66 83 
-1 -1 -1 11 18 27 38 51 66 83 
-1 -1 -1 11 18 27 38 51 66 83 
-1 -1 -1 11 18 27 38 51 66 83 
-1 -1 -1 11 18 27 38 51 66 83 
-1 -1 -1 11 18 27 38 51 66 83 
-1 -1 -1 11 18 27 38 51 66 83 
-1 -1 -1 11 18 27 38 51 66 83 
-1 -1 -1 11 18 27 38 51 66 83 
-1 -1 -1 11 18 27 38 51 66 83 
-1 -1 -1 11 18 27 38 51 66 83 
-1 -1 -1 11 18 27 38 51 66 83 
-1 -1 -1 11 18 27 38 51 66 83 
-1 -1 -1 11 18 27 38 51 66 83 
-1 -1 -1 11 18 27 38 51 66 83 
-1 -1 -1 11 18 27 38 51 66 83 
-1 -1 -1 11 18 27 38 51 66 83 
-1 -1 -1 11 18 27 38 51 66 83 
-1 -1 -1 11 18 27 38 51 66 83 
-1 -1 -1 11 18 27 38 51 66 83 
-1 -1 -1 11 18 27 38 51 66 83 
-1 -1 -1 11 18 27 38 51 66 83 
-1 -1 -1 11 18 27 38 51 66 83 
-1 -1 -1 11 18 27 38 51 66 83 
-1 -1 -1 11 18 27 38 51 66 83 
-1 -1 -1 11 18 27 38 51 66 83 
-1 -1 -1 11 18 27 38 51 66 83 
-1 -1 -1 11 18 27 38 51 66 83 
-1 -1 -1 11 18 27 38 51 66 83 
-1 -1 -1 11 18 27 38 51 66 83 
-1 -1 -1 11 18 27 38 51 66 83 
-1 -1 -1 11 18 27 38 51 66 83 
-1 -1 -1 11 18 27 38 51 66 83 
-1 -1 -1 11 18 27 38 51 66 83 
-1 -1 -1 11 18 27 38 51 66 83 
-1 -1 -1 11 18 27 38 51 66 83 
-1 -1 -1 11 18 27 38 51 66 83 
-1 -1 -1 11 18 27 38 51 66 83 
-1 -1 -1 11 18 27 38 51 66 83 
-1 -1 -1 11 18 27 38 51 66 83 
-1 -1 -1 11 18 27 38 51 66 83 
-1 -1 -1 11 18 27 38 51 66 83 
-1 -1 -1 11 18 27 38 51 66 83 
-1 -1 -1 11 18 27 38 51 66 83 
-1 -1 -1 11 18 27 38 51 66 83 
-1 -1 -1 11 18 27 38 51 66 83 
-1 -1 -1 11 18 27 38 51 66 83 
-1 -1 -1 11 18 27 38 51 66 83 
-1 -1 -1 11 18 27 38 51 66 83 
-1 -1 -1 11 18 27 38 51 66 83 
-1 -1 -1 11 18 27 38 51 66 83 
-1 -1 -1 11 18 27 38 51 66 83 
-1 -1 -1 11 18 27 38 51 66 83 
-1 -1 -1 11 18 27 38 51 66 83 
-1 -1 -1 11 18 27 38 51 66 83 
-1 -1 -1 11 18 27 38 51 66 83 
-1 -1 -1 11 18 27 38 51 66 83 
-1 -1 -1 11 18 27 38 51 66 83 
-1 -1 -1 11 18 27 38 51 66 83 
-1 -1 -1 11 18 27 38 51 66 83 
-1 -1 -1 11 18 27 38 51 66 83 
-1 -1 -1 11 18 27 38 51 66 83 
-1 -1 -1 11 18 27 38 51 66 83 
-1 -1 -1 11 18 27 38 51 66 83 
-1 -1 -1 11 18 27 38 51 66 83 
-1 -1 -1 11 18 27 38 51 66 83 
-1 -1 -1 11 18 27 38 51 66 83 
-1 -1 -1 11 18 27 38 51 66 83 
-1 -1 -1 11 18 27 38 51 66 83 
-1 -1 -1 11 18 27 38 51 66 83 
-1 -1 -1 11 18 27 38 51 66 83 
-1 -1 -1 11 18 27 38 51 66 83 
-1 -1 -1 11 18 27 38 51 66 83 
-1 -1 -1 11 18 27 38 51 66 83 
-1 -1 -1 11 18 27 38 51 66 83 
-1 -1 -1 11 18 27 38 51 66 83 
-1 -1 -1 11 18 27 38 51 66 83 
-1 -1 -1 11 18 27 38 51 66 83 
-1 -1 -1 11 18 27 38 51 66 83 
-1 -1 -1 11 18 27 38 51 66 83 
-1 -1 -1 11 18 27 38 51 66 83 
-1 -1 -1 11 18 27 38 51 66 83 
-1 -1 -1 11 18 27 38 51 66 83 
-1 -1 -1 11 18 27 38 51 66 83 
-1 -1 -1 11 18 27 38 51 66 83 
-1 -1 -1 11 18 27 38 51 66 83 
-1 -1 -1 11 18 27 38 51 66 83 
-1 -1 -1 11 18 27 38 51 66 83 
-1 -1 -1 11 18 27 38 51 66 83 
-1 -1 -1 11 18 27 38 51 66 83 
-1 -1 -1 11 18 27 38 51 66 83 
-1 -1 -1 11 18 27 38 51 66 83 
-1 -1 -1 11 18 27 38 51 66 83 
-1 -1 -1 11 18 27 38 51 66 83 
-1 -1 -1 11 18 27 38 51 66 83 
-1 -1 -1 11 18 27 38 51 66 83 
-1 -1 -1 11 18 27 38 51 66 83 
-1 -1 -1 11 18 27 38 51 66 83 
-1 -1 -1 11 18 27 38 51 66 83 
-1 -1 -1 11 18 27 38 51 66 83 
-1 -1 -1 11 18 27 38 51 66 83 
-1 -1 -1 11 18 27 38 51 66 83 
-1 -1 -1 11 18 27 38 51 66 83 
-1 -1 -1 11 18 27 38 51 66 83 
-1 -1 -1 11 18 27 38 51 66 83 
-1 -1 -1 11 18 27 38 51 66 83 
-1 -1 -1 11 18 27 38 51 66 83 
-1 -1 -1 11 18 27 38 51 66 83 
-1 -1 -1 11 18 27 38 51 66 83 
-1 -1 -1 11 18 27 38 51 66 83 
-1 -1 -1 11 18 27 38 51 66 83 
-1 -1 -1 11 18 27 38 51 66 83 
-1 -1 -1 11 18 27 38 51 66 83 
-1 -1 -1 11 18 27 38 51 66 83 
-1 -1 -1 11 18 27 38 51 66 83 
-1 -1 -1 11 18 27 38 51 66 83 
-1 -1 -1 11 18 27 38 51 66 83 
-1 -1 -1 11 18 27 38 51 66 83 
-1 -1 -1 11 18 27 38 51 66 83 
-1 -1 -1 11 18 27 38 51 66 83 
-1 -1 -1 11 18 27 38 51 66 83 
-1 -1 -1 11 18 27 38 51 66 83 
-1 -1 -1 11 18 27 38 51 66 83 
-1 -1 -1 11 18 27 38 51 66 83 
-1 -1 -1 11 18 27 38 51 66 83 
-1 -1 -1 11 18 27 38 51 66 83 
-1 -1 -1 11 18 27 38 51 66 83 
-1 -1 -1 11 18 27 38 51 66 83 
-1 -1 -1 11 18 27 38 51 66 83 
-1 -1 -1 11 18 27 38 51 66 83 
-1 -1 -1 11 18 27 38 51 66 83 
-1 -1 -1 11 18 27 38 51 66 83 
-1 -1 -1 11 18 27 38 51 66 83 
-1 -1 -1 11 18 27 38 51 66 83 
-1 -1 -1 11 18 27 38 51 66 83 
-1 -1 -1 11 18 27 38 51 66 83 
-1 -1 -1 11 18 27 38 51 66 83 
-1 -1 -1 11 18 27 38 51 66 83 
-1 -1 -1 11 18 27 38 51 66 83 
-1 -1 -1 11 18 27 38 51 66 83 
-1 -1 -1 11 18 27 38 51 66 83 
-1 -1 -1 11 18 27 38 51 66 83 
-1 -1 -1 11 18 27 38 51 66 83 
-1 -1 -1 11 18 27 38 51 66 83 
-1 -1 -1 11 18 27 38 51 66 83 
-1 -1 -1 11 18 27 38 51 66 83 
-1 -1 -1 11 18 27 38 51 66 83 
-1 -1 -1 11 18 27 38 51 66 83 
-1 -1 -1 11 18 27 38 51 66 83 
-1 -1 -1 11 18 27 38 51 66 83 
-1 -1 -1 11 18 27 38 51 66 83 
-1 -1 -1 11 18 27 38 51 66 83 
-1 -1 -1 11 18 27 38 51 66 83 
-1 -1 -1 11 18 27 38 51 66 83 
-1 -1 -1 11 18 27 38 51 66 83 
-1 -1 -1 11 18 27 38 51 66 83 
-1 -1 -1 11 18 27 38 51 66 83 
-1 -1 -1 11 18 27 38 51 66 83 
-1 -1 -1 11 18 27 38 51 66 83 
-1 -1 -1 11 18 27 38 51 66 83 
-1 -1 -1 11 18 27 38 51 66 83 
-1 -1 -1 11 18 27 38 51 66 83 
-1 -1 -1 11 18 27 38 51 66 83 
-1 -1 -1 11 18 27 38 51 66 83 
-1 -1 -1 11 18 27 38 51 66 83 
-1 -1 -1 11 18 27 38 51 66 83 
-1 -1 -1 11 18 27 38 51 66 83 
-1 -1 -1 11 18 27 38 51 66 83 
-1 -1 -1 11 18 27 38 51 66 83 
-1 -1 -1 11 18 27 38 51 66 83 
-1 -1 -1 11 18 27 38 51 66 83 
-1 -1 -1 11 18 27 38 51 66 83 
-1 -1 -1 11 18 27 38 51 66 83 
-1 -1 -1 11 18 27 38 51 66 83 
-1 -1 -1 11 18 27 38 51 66 83 
-1 -1 -1 11 18 27 38 51 66 83 
-1 -1 -1 11 18 27 38 51 66 83 
-1 -1 -1 11 18 27 38 51 66 83 
-1 -1 -1 11 18 27 38 51 66 83 
-1 -1 -1 11 18 27 38 51 66 83 
-1 -1 -1 11 18 27 38 51 66 83 
-1 -1 -1 11 18 27 38 51 66 83 
-1 -1 -1 11 18 27 38 51 66 83 
-1 -1 -1 11 18 27 38 51 66 83 
-1 -1 -1 11 18 27 38 51 66 83 
-1 -1 -1 11 18 27 38 51 66 83 
-1 -1 -1 11 18 27 38 51 66 83 
-1 -1 -1 11 18 27 38 51 66 83 
-1 -1 -1 11 18 27 38 51 66 83 
-1 -1 -1 11 18 27 38 51 66 83 
Case #1: 11
