100 0
100 10
100 20
100 30
100 40
100 50
100 60
100 70
100 80
100 90
100 100
100 110
100 120
100 130
100 140
100 150
100 160
100 170
100 180
100 190
100 200
100 210
100 220
100 230
100 240
100 250
100 260
100 270
100 280
100 290
100 300
100 310
100 320
100 330
100 340
100 350
100 360
100 370
100 380
100 390
100 400
100 410
100 420
100 430
100 440
100 450
100 460
100 470
100 480
100 490
100 500
100 510
100 520
100 530
100 540
100 550
100 560
100 570
100 580
100 590
100 600
100 610
100 620
100 630
100 640
100 650
100 660
100 670
100 680
100 690
100 700
100 710
100 720
100 730
100 740
100 750
100 760
100 770
100 780
100 790
100 800
100 810
100 820
100 830
100 840
100 850
100 860
100 870
100 880
100 890
100 900
100 910
100 920
100 930
100 940
100 950
100 960
100 970
100 980
100 990
100 1000
100 1010
100 1020
100 1030
100 1040
100 1050
100 1060
100 1070
100 1080
100 1090
100 1100
100 1110
100 1120
100 1130
100 1140
100 1150
100 1160
100 1170
100 1180
100 1190
100 1200
100 1210
100 1220
100 1230
100 1240
100 1250
100 1260
100 1270
100 1280
100 1290
100 1300
100 1310
100 1320
100 1330
100 1340
100 1350
100 1360
100 1370
100 1380
100 1390
100 1400
100 1410
100 1420
100 1430
100 1440
100 1450
100 1460
100 1470
100 1480
100 1490
100 1500
100 1510
100 1520
100 1530
100 1540
100 1550
100 1560
100 1570
100 1580
100 1590
100 1600
100 1610
100 1620
100 1630
100 1640
100 1650
100 1660
100 1670
100 1680
100 1690
100 1700
100 1710
100 1720
100 1730
100 1740
100 1750
100 1760
100 1770
100 1780
100 1790
100 1800
100 1810
100 1820
100 1830
100 1840
100 1850
100 1860
100 1870
100 1880
100 1890
100 1900
100 1910
100 1920
100 1930
100 1940
100 1950
100 1960
100 1970
100 1980
100 1990
100 2000
100 2010
100 2020
100 2030
100 2040
100 2050
100 2060
100 2070
100 2080
100 2090
100 2100
100 2110
100 2120
100 2130
100 2140
100 2150
100 2160
100 2170
100 2180
100 2190
100 2200
100 2210
100 2220
100 2230
100 2240
100 2250
100 2260
100 2270
100 2280
100 2290
100 2300
100 2310
100 2320
100 2330
100 2340
100 2350
100 2360
100 2370
100 2380
100 2390
100 2400
100 2410
100 2420
100 2430
100 2440
100 2450
100 2460
100 2470
100 2480
100 2490
100 2500
100 2510
100 2520
100 2530
100 2540
100 2550
100 2560
100 2570
100 2580
100 2590
100 2600
100 2610
100 2620
100 2630
100 2640
100 2650
100 2660
100 2670
100 2680
100 2690
100 2700
100 2710
100 2720
100 2730
100 2740
100 2750
100 2760
100 2770
100 2780
100 2790
100 2800
100 2810
100 2820
100 2830
100 2840
100 2850
100 2860
100 2870
100 2880
100 2890
100 2900
100 2910
100 2920
100 2930
100 2940
100 2950
100 2960
100 2970
100 2980
100 2990
100 3000
200 0
200 10
200 20
200 30
200 40
200 50
200 60
200 70
200 80
200 90
200 100
200 110
200 120
200 130
200 140
200 150
200 160
200 170
200 180
200 190
200 200
200 210
200 220
200 230
200 240
200 250
200 260
200 270
200 280
200 290
200 300
200 310
200 320
200 330
200 340
200 350
200 360
200 370
200 380
200 390
200 400
200 410
200 420
200 430
200 440
200 450
200 460
200 470
200 480
200 490
200 500
200 510
200 520
200 530
200 540
200 550
200 560
200 570
200 580
200 590
200 600
200 610
200 620
200 630
200 640
200 650
200 660
200 670
200 680
200 690
200 700
200 710
200 720
200 730
200 740
200 750
200 760
200 770
200 780
200 790
200 800
200 810
200 820
200 830
200 840
200 850
200 860
200 870
200 880
200 890
200 900
200 910
200 920
200 930
200 940
200 950
200 960
200 970
200 980
200 990
200 1000
200 1010
200 1020
200 1030
200 1040
200 1050
200 1060
200 1070
200 1080
200 1090
200 1100
200 1110
200 1120
200 1130
200 1140
200 1150
200 1160
200 1170
200 1180
200 1190
200 1200
200 1210
200 1220
200 1230
200 1240
200 1250
200 1260
200 1270
200 1280
200 1290
200 1300
200 1310
200 1320
200 1330
200 1340
200 1350
200 1360
200 1370
200 1380
200 1390
200 1400
200 1410
200 1420
200 1430
200 1440
200 1450
200 1460
200 1470
200 1480
200 1490
200 1500
200 1510
200 1520
200 1530
200 1540
200 1550
200 1560
200 1570
200 1580
200 1590
200 1600
200 1610
200 1620
200 1630
200 1640
200 1650
200 1660
200 1670
200 1680
200 1690
200 1700
200 1710
200 1720
200 1730
200 1740
200 1750
200 1760
200 1770
200 1780
200 1790
200 1800
200 1810
200 1820
200 1830
200 1840
200 1850
200 1860
200 1870
200 1880
200 1890
200 1900
200 1910
200 1920
200 1930
200 1940
200 1950
200 1960
200 1970
200 1980
200 1990
200 2000
200 2010
200 2020
200 2030
200 2040
200 2050
200 2060
200 2070
200 2080
200 2090
200 2100
200 2110
200 2120
200 2130
200 2140
200 2150
200 2160
200 2170
200 2180
200 2190
200 2200
200 2210
200 2220
200 2230
200 2240
200 2250
200 2260
200 2270
200 2280
200 2290
200 2300
200 2310
200 2320
200 2330
200 2340
200 2350
200 2360
200 2370
200 2380
200 2390
200 2400
200 2410
200 2420
200 2430
200 2440
200 2450
200 2460
200 2470
200 2480
200 2490
200 2500
200 2510
200 2520
200 2530
200 2540
200 2550
200 2560
200 2570
200 2580
200 2590
200 2600
200 2610
200 2620
200 2630
200 2640
200 2650
200 2660
200 2670
200 2680
200 2690
200 2700
200 2710
200 2720
200 2730
200 2740
200 2750
200 2760
200 2770
200 2780
200 2790
200 2800
200 2810
200 2820
200 2830
200 2840
200 2850
200 2860
200 2870
200 2880
200 2890
200 2900
200 2910
200 2920
200 2930
200 2940
200 2950
200 2960
200 2970
200 2980
200 2990
200 3000
300 0
300 10
300 20
300 30
300 40
300 50
300 60
300 70
300 80
300 90
300 100
300 110
300 120
300 130
300 140
300 150
300 160
300 170
300 180
300 190
300 200
300 210
300 220
300 230
300 240
300 250
300 260
300 270
300 280
300 290
300 300
300 310
300 320
300 330
300 340
300 350
300 360
300 370
300 380
300 390
300 400
300 410
300 420
300 430
300 440
300 450
300 460
300 470
300 480
300 490
300 500
300 510
300 520
300 530
300 540
300 550
300 560
300 570
300 580
300 590
300 600
300 610
300 620
300 630
300 640
300 650
300 660
300 670
300 680
300 690
300 700
300 710
300 720
300 730
300 740
300 750
300 760
300 770
300 780
300 790
300 800
300 810
300 820
300 830
300 840
300 850
300 860
300 870
300 880
300 890
300 900
300 910
300 920
300 930
300 940
300 950
300 960
300 970
300 980
300 990
300 1000
300 1010
300 1020
300 1030
300 1040
300 1050
300 1060
300 1070
300 1080
300 1090
300 1100
300 1110
300 1120
300 1130
300 1140
300 1150
300 1160
300 1170
300 1180
300 1190
300 1200
300 1210
300 1220
300 1230
300 1240
300 1250
300 1260
300 1270
300 1280
300 1290
300 1300
300 1310
300 1320
300 1330
300 1340
300 1350
300 1360
300 1370
300 1380
300 1390
300 1400
300 1410
300 1420
300 1430
300 1440
300 1450
300 1460
300 1470
300 1480
300 1490
300 1500
300 1510
300 1520
300 1530
300 1540
300 1550
300 1560
300 1570
300 1580
300 1590
300 1600
300 1610
300 1620
300 1630
300 1640
300 1650
300 1660
300 1670
300 1680
300 1690
300 1700
300 1710
300 1720
300 1730
300 1740
300 1750
300 1760
300 1770
300 1780
300 1790
300 1800
300 1810
300 1820
300 1830
300 1840
300 1850
300 1860
300 1870
300 1880
300 1890
300 1900
300 1910
300 1920
300 1930
300 1940
300 1950
300 1960
300 1970
300 1980
300 1990
300 2000
300 2010
300 2020
300 2030
300 2040
300 2050
300 2060
300 2070
300 2080
300 2090
300 2100
300 2110
300 2120
300 2130
300 2140
300 2150
300 2160
300 2170
300 2180
300 2190
300 2200
300 2210
300 2220
300 2230
300 2240
300 2250
300 2260
300 2270
300 2280
300 2290
300 2300
300 2310
300 2320
300 2330
300 2340
300 2350
300 2360
300 2370
300 2380
300 2390
300 2400
300 2410
300 2420
300 2430
300 2440
300 2450
300 2460
300 2470
300 2480
300 2490
300 2500
300 2510
300 2520
300 2530
300 2540
300 2550
300 2560
300 2570
300 2580
300 2590
300 2600
300 2610
300 2620
300 2630
300 2640
300 2650
300 2660
300 2670
300 2680
300 2690
300 2700
300 2710
300 2720
300 2730
300 2740
300 2750
300 2760
300 2770
300 2780
300 2790
300 2800
300 2810
300 2820
300 2830
300 2840
300 2850
300 2860
300 2870
300 2880
300 2890
300 2900
300 2910
300 2920
300 2930
300 2940
300 2950
300 2960
300 2970
300 2980
300 2990
300 3000
400 0
400 10
400 20
400 30
400 40
400 50
400 60
400 70
400 80
400 90
400 100
400 110
400 120
400 130
400 140
400 150
400 160
400 170
400 180
400 190
400 200
400 210
400 220
400 230
400 240
400 250
400 260
400 270
400 280
400 290
400 300
400 310
400 320
400 330
400 340
400 350
400 360
400 370
400 380
400 390
400 400
400 410
400 420
400 430
400 440
400 450
400 460
400 470
400 480
400 490
400 500
400 510
400 520
400 530
400 540
400 550
400 560
400 570
400 580
400 590
400 600
400 610
400 620
400 630
400 640
400 650
400 660
400 670
400 680
400 690
400 700
400 710
400 720
400 730
400 740
400 750
400 760
400 770
400 780
400 790
400 800
400 810
400 820
400 830
400 840
400 850
400 860
400 870
400 880
400 890
400 900
400 910
400 920
400 930
400 940
400 950
400 960
400 970
400 980
400 990
400 1000
400 1010
400 1020
400 1030
400 1040
400 1050
400 1060
400 1070
400 1080
400 1090
400 1100
400 1110
400 1120
400 1130
400 1140
400 1150
400 1160
400 1170
400 1180
400 1190
400 1200
400 1210
400 1220
400 1230
400 1240
400 1250
400 1260
400 1270
400 1280
400 1290
400 1300
400 1310
400 1320
400 1330
400 1340
400 1350
400 1360
400 1370
400 1380
400 1390
400 1400
400 1410
400 1420
400 1430
400 1440
400 1450
400 1460
400 1470
400 1480
400 1490
400 1500
400 1510
400 1520
400 1530
400 1540
400 1550
400 1560
400 1570
400 1580
400 1590
400 1600
400 1610
400 1620
400 1630
400 1640
400 1650
400 1660
400 1670
400 1680
400 1690
400 1700
400 1710
400 1720
400 1730
400 1740
400 1750
400 1760
400 1770
400 1780
400 1790
400 1800
400 1810
400 1820
400 1830
400 1840
400 1850
400 1860
400 1870
400 1880
400 1890
400 1900
400 1910
400 1920
400 1930
400 1940
400 1950
400 1960
400 1970
400 1980
400 1990
400 2000
400 2010
400 2020
400 2030
400 2040
400 2050
400 2060
400 2070
400 2080
400 2090
400 2100
400 2110
400 2120
400 2130
400 2140
400 2150
400 2160
400 2170
400 2180
400 2190
400 2200
400 2210
400 2220
400 2230
400 2240
400 2250
400 2260
400 2270
400 2280
400 2290
400 2300
400 2310
400 2320
400 2330
400 2340
400 2350
400 2360
400 2370
400 2380
400 2390
400 2400
400 2410
400 2420
400 2430
400 2440
400 2450
400 2460
400 2470
400 2480
400 2490
400 2500
400 2510
400 2520
400 2530
400 2540
400 2550
400 2560
400 2570
400 2580
400 2590
400 2600
400 2610
400 2620
400 2630
400 2640
400 2650
400 2660
400 2670
400 2680
400 2690
400 2700
400 2710
400 2720
400 2730
400 2740
400 2750
400 2760
400 2770
400 2780
400 2790
400 2800
400 2810
400 2820
400 2830
400 2840
400 2850
400 2860
400 2870
400 2880
400 2890
400 2900
400 2910
400 2920
400 2930
400 2940
400 2950
400 2960
400 2970
400 2980
400 2990
400 3000
500 0
500 10
500 20
500 30
500 40
500 50
500 60
500 70
500 80
500 90
500 100
500 110
500 120
500 130
500 140
500 150
500 160
500 170
500 180
500 190
500 200
500 210
500 220
500 230
500 240
500 250
500 260
500 270
500 280
500 290
500 300
500 310
500 320
500 330
500 340
500 350
500 360
500 370
500 380
500 390
500 400
500 410
500 420
500 430
500 440
500 450
500 460
500 470
500 480
500 490
500 500
500 510
500 520
500 530
500 540
500 550
500 560
500 570
500 580
500 590
500 600
500 610
500 620
500 630
500 640
500 650
500 660
500 670
500 680
500 690
500 700
500 710
500 720
500 730
500 740
500 750
500 760
500 770
500 780
500 790
500 800
500 810
500 820
500 830
500 840
500 850
500 860
500 870
500 880
500 890
500 900
500 910
500 920
500 930
500 940
500 950
500 960
500 970
500 980
500 990
500 1000
500 1010
500 1020
500 1030
500 1040
500 1050
500 1060
500 1070
500 1080
500 1090
500 1100
500 1110
500 1120
500 1130
500 1140
500 1150
500 1160
500 1170
500 1180
500 1190
500 1200
500 1210
500 1220
500 1230
500 1240
500 1250
500 1260
500 1270
500 1280
500 1290
500 1300
500 1310
500 1320
500 1330
500 1340
500 1350
500 1360
500 1370
500 1380
500 1390
500 1400
500 1410
500 1420
500 1430
500 1440
500 1450
500 1460
500 1470
500 1480
500 1490
500 1500
500 1510
500 1520
500 1530
500 1540
500 1550
500 1560
500 1570
500 1580
500 1590
500 1600
500 1610
500 1620
500 1630
500 1640
500 1650
500 1660
500 1670
500 1680
500 1690
500 1700
500 1710
500 1720
500 1730
500 1740
500 1750
500 1760
500 1770
500 1780
500 1790
500 1800
500 1810
500 1820
500 1830
500 1840
500 1850
500 1860
500 1870
500 1880
500 1890
500 1900
500 1910
500 1920
500 1930
500 1940
500 1950
500 1960
500 1970
500 1980
500 1990
500 2000
500 2010
500 2020
500 2030
500 2040
500 2050
500 2060
500 2070
500 2080
500 2090
500 2100
500 2110
500 2120
500 2130
500 2140
500 2150
500 2160
500 2170
500 2180
500 2190
500 2200
500 2210
500 2220
500 2230
500 2240
500 2250
500 2260
500 2270
500 2280
500 2290
500 2300
500 2310
500 2320
500 2330
500 2340
500 2350
500 2360
500 2370
500 2380
500 2390
500 2400
500 2410
500 2420
500 2430
500 2440
500 2450
500 2460
500 2470
500 2480
500 2490
500 2500
500 2510
500 2520
500 2530
500 2540
500 2550
500 2560
500 2570
500 2580
500 2590
500 2600
500 2610
500 2620
500 2630
500 2640
500 2650
500 2660
500 2670
500 2680
500 2690
500 2700
500 2710
500 2720
500 2730
500 2740
500 2750
500 2760
500 2770
500 2780
500 2790
500 2800
500 2810
500 2820
500 2830
500 2840
500 2850
500 2860
500 2870
500 2880
500 2890
500 2900
500 2910
500 2920
500 2930
500 2940
500 2950
500 2960
500 2970
500 2980
500 2990
500 3000
600 0
600 10
600 20
600 30
600 40
600 50
600 60
600 70
600 80
600 90
600 100
600 110
600 120
600 130
600 140
600 150
600 160
600 170
600 180
600 190
600 200
600 210
600 220
600 230
600 240
600 250
600 260
600 270
600 280
600 290
600 300
600 310
600 320
600 330
600 340
600 350
600 360
600 370
600 380
600 390
600 400
600 410
600 420
600 430
600 440
600 450
600 460
600 470
600 480
600 490
600 500
600 510
600 520
600 530
600 540
600 550
600 560
600 570
600 580
600 590
600 600
600 610
600 620
600 630
600 640
600 650
600 660
600 670
600 680
600 690
600 700
600 710
600 720
600 730
600 740
600 750
600 760
600 770
600 780
600 790
600 800
600 810
600 820
600 830
600 840
600 850
600 860
600 870
600 880
600 890
600 900
600 910
600 920
600 930
600 940
600 950
600 960
600 970
600 980
600 990
600 1000
600 1010
600 1020
600 1030
600 1040
600 1050
600 1060
600 1070
600 1080
600 1090
600 1100
600 1110
600 1120
600 1130
600 1140
600 1150
600 1160
600 1170
600 1180
600 1190
600 1200
600 1210
600 1220
600 1230
600 1240
600 1250
600 1260
600 1270
600 1280
600 1290
600 1300
600 1310
600 1320
600 1330
600 1340
600 1350
600 1360
600 1370
600 1380
600 1390
600 1400
600 1410
600 1420
600 1430
600 1440
600 1450
600 1460
600 1470
600 1480
600 1490
600 1500
600 1510
600 1520
600 1530
600 1540
600 1550
600 1560
600 1570
600 1580
600 1590
600 1600
600 1610
600 1620
600 1630
600 1640
600 1650
600 1660
600 1670
600 1680
600 1690
600 1700
600 1710
600 1720
600 1730
600 1740
600 1750
600 1760
600 1770
600 1780
600 1790
600 1800
600 1810
600 1820
600 1830
600 1840
600 1850
600 1860
600 1870
600 1880
600 1890
600 1900
600 1910
600 1920
600 1930
600 1940
600 1950
600 1960
600 1970
600 1980
600 1990
600 2000
600 2010
600 2020
600 2030
600 2040
600 2050
600 2060
600 2070
600 2080
600 2090
600 2100
600 2110
600 2120
600 2130
600 2140
600 2150
600 2160
600 2170
600 2180
600 2190
600 2200
600 2210
600 2220
600 2230
600 2240
600 2250
600 2260
600 2270
600 2280
600 2290
600 2300
600 2310
600 2320
600 2330
600 2340
600 2350
600 2360
600 2370
600 2380
600 2390
600 2400
600 2410
600 2420
600 2430
600 2440
600 2450
600 2460
600 2470
600 2480
600 2490
600 2500
600 2510
600 2520
600 2530
600 2540
600 2550
600 2560
600 2570
600 2580
600 2590
600 2600
600 2610
600 2620
600 2630
600 2640
600 2650
600 2660
600 2670
600 2680
600 2690
600 2700
600 2710
600 2720
600 2730
600 2740
600 2750
600 2760
600 2770
600 2780
600 2790
600 2800
600 2810
600 2820
600 2830
600 2840
600 2850
600 2860
600 2870
600 2880
600 2890
600 2900
600 2910
600 2920
600 2930
600 2940
600 2950
600 2960
600 2970
600 2980
600 2990
600 3000
700 0
700 10
700 20
700 30
700 40
700 50
700 60
700 70
700 80
700 90
700 100
700 110
700 120
700 130
700 140
700 150
700 160
700 170
700 180
700 190
700 200
700 210
700 220
700 230
700 240
700 250
700 260
700 270
700 280
700 290
700 300
700 310
700 320
700 330
700 340
700 350
700 360
700 370
700 380
700 390
700 400
700 410
700 420
700 430
700 440
700 450
700 460
700 470
700 480
700 490
700 500
700 510
700 520
700 530
700 540
700 550
700 560
700 570
700 580
700 590
700 600
700 610
700 620
700 630
700 640
700 650
700 660
700 670
700 680
700 690
700 700
700 710
700 720
700 730
700 740
700 750
700 760
700 770
700 780
700 790
700 800
700 810
700 820
700 830
700 840
700 850
700 860
700 870
700 880
700 890
700 900
700 910
700 920
700 930
700 940
700 950
700 960
700 970
700 980
700 990
700 1000
700 1010
700 1020
700 1030
700 1040
700 1050
700 1060
700 1070
700 1080
700 1090
700 1100
700 1110
700 1120
700 1130
700 1140
700 1150
700 1160
700 1170
700 1180
700 1190
700 1200
700 1210
700 1220
700 1230
700 1240
700 1250
700 1260
700 1270
700 1280
700 1290
700 1300
700 1310
700 1320
700 1330
700 1340
700 1350
700 1360
700 1370
700 1380
700 1390
700 1400
700 1410
700 1420
700 1430
700 1440
700 1450
700 1460
700 1470
700 1480
700 1490
700 1500
700 1510
700 1520
700 1530
700 1540
700 1550
700 1560
700 1570
700 1580
700 1590
700 1600
700 1610
700 1620
700 1630
700 1640
700 1650
700 1660
700 1670
700 1680
700 1690
700 1700
700 1710
700 1720
700 1730
700 1740
700 1750
700 1760
700 1770
700 1780
700 1790
700 1800
700 1810
700 1820
700 1830
700 1840
700 1850
700 1860
700 1870
700 1880
700 1890
700 1900
700 1910
700 1920
700 1930
700 1940
700 1950
700 1960
700 1970
700 1980
700 1990
700 2000
700 2010
700 2020
700 2030
700 2040
700 2050
700 2060
700 2070
700 2080
700 2090
700 2100
700 2110
700 2120
700 2130
700 2140
700 2150
700 2160
700 2170
700 2180
700 2190
700 2200
700 2210
700 2220
700 2230
700 2240
700 2250
700 2260
700 2270
700 2280
700 2290
700 2300
700 2310
700 2320
700 2330
700 2340
700 2350
700 2360
700 2370
700 2380
700 2390
700 2400
700 2410
700 2420
700 2430
700 2440
700 2450
700 2460
700 2470
700 2480
700 2490
700 2500
700 2510
700 2520
700 2530
700 2540
700 2550
700 2560
700 2570
700 2580
700 2590
700 2600
700 2610
700 2620
700 2630
700 2640
700 2650
700 2660
700 2670
700 2680
700 2690
700 2700
700 2710
700 2720
700 2730
700 2740
700 2750
700 2760
700 2770
700 2780
700 2790
700 2800
700 2810
700 2820
700 2830
700 2840
700 2850
700 2860
700 2870
700 2880
700 2890
700 2900
700 2910
700 2920
700 2930
700 2940
700 2950
700 2960
700 2970
700 2980
700 2990
700 3000
800 0
800 10
800 20
800 30
800 40
800 50
800 60
800 70
800 80
800 90
800 100
800 110
800 120
800 130
800 140
800 150
800 160
800 170
800 180
800 190
800 200
800 210
800 220
800 230
800 240
800 250
800 260
800 270
800 280
800 290
800 300
800 310
800 320
800 330
800 340
800 350
800 360
800 370
800 380
800 390
800 400
800 410
800 420
800 430
800 440
800 450
800 460
800 470
800 480
800 490
800 500
800 510
800 520
800 530
800 540
800 550
800 560
800 570
800 580
800 590
800 600
800 610
800 620
800 630
800 640
800 650
800 660
800 670
800 680
800 690
800 700
800 710
800 720
800 730
800 740
800 750
800 760
800 770
800 780
800 790
800 800
800 810
800 820
800 830
800 840
800 850
800 860
800 870
800 880
800 890
800 900
800 910
800 920
800 930
800 940
800 950
800 960
800 970
800 980
800 990
800 1000
800 1010
800 1020
800 1030
800 1040
800 1050
800 1060
800 1070
800 1080
800 1090
800 1100
800 1110
800 1120
800 1130
800 1140
800 1150
800 1160
800 1170
800 1180
800 1190
800 1200
800 1210
800 1220
800 1230
800 1240
800 1250
800 1260
800 1270
800 1280
800 1290
800 1300
800 1310
800 1320
800 1330
800 1340
800 1350
800 1360
800 1370
800 1380
800 1390
800 1400
800 1410
800 1420
800 1430
800 1440
800 1450
800 1460
800 1470
800 1480
800 1490
800 1500
800 1510
800 1520
800 1530
800 1540
800 1550
800 1560
800 1570
800 1580
800 1590
800 1600
800 1610
800 1620
800 1630
800 1640
800 1650
800 1660
800 1670
800 1680
800 1690
800 1700
800 1710
800 1720
800 1730
800 1740
800 1750
800 1760
800 1770
800 1780
800 1790
800 1800
800 1810
800 1820
800 1830
800 1840
800 1850
800 1860
800 1870
800 1880
800 1890
800 1900
800 1910
800 1920
800 1930
800 1940
800 1950
800 1960
800 1970
800 1980
800 1990
800 2000
800 2010
800 2020
800 2030
800 2040
800 2050
800 2060
800 2070
800 2080
800 2090
800 2100
800 2110
800 2120
800 2130
800 2140
800 2150
800 2160
800 2170
800 2180
800 2190
800 2200
800 2210
800 2220
800 2230
800 2240
800 2250
800 2260
800 2270
800 2280
800 2290
800 2300
800 2310
800 2320
800 2330
800 2340
800 2350
800 2360
800 2370
800 2380
800 2390
800 2400
800 2410
800 2420
800 2430
800 2440
800 2450
800 2460
800 2470
800 2480
800 2490
800 2500
800 2510
800 2520
800 2530
800 2540
800 2550
800 2560
800 2570
800 2580
800 2590
800 2600
800 2610
800 2620
800 2630
800 2640
800 2650
800 2660
800 2670
800 2680
800 2690
800 2700
800 2710
800 2720
800 2730
800 2740
800 2750
800 2760
800 2770
800 2780
800 2790
800 2800
800 2810
800 2820
800 2830
800 2840
800 2850
800 2860
800 2870
800 2880
800 2890
800 2900
800 2910
800 2920
800 2930
800 2940
800 2950
800 2960
800 2970
800 2980
800 2990
800 3000
900 0
900 10
900 20
900 30
900 40
900 50
900 60
900 70
900 80
900 90
900 100
900 110
900 120
900 130
900 140
900 150
900 160
900 170
900 180
900 190
900 200
900 210
900 220
900 230
900 240
900 250
900 260
900 270
900 280
900 290
900 300
900 310
900 320
900 330
900 340
900 350
900 360
900 370
900 380
900 390
900 400
900 410
900 420
900 430
900 440
900 450
900 460
900 470
900 480
900 490
900 500
900 510
900 520
900 530
900 540
900 550
900 560
900 570
900 580
900 590
900 600
900 610
900 620
900 630
900 640
900 650
900 660
900 670
900 680
900 690
900 700
900 710
900 720
900 730
900 740
900 750
900 760
900 770
900 780
900 790
900 800
900 810
900 820
900 830
900 840
900 850
900 860
900 870
900 880
900 890
900 900
900 910
900 920
900 930
900 940
900 950
900 960
900 970
900 980
900 990
900 1000
900 1010
900 1020
900 1030
900 1040
900 1050
900 1060
900 1070
900 1080
900 1090
900 1100
900 1110
900 1120
900 1130
900 1140
900 1150
900 1160
900 1170
900 1180
900 1190
900 1200
900 1210
900 1220
900 1230
900 1240
900 1250
900 1260
900 1270
900 1280
900 1290
900 1300
900 1310
900 1320
900 1330
900 1340
900 1350
900 1360
900 1370
900 1380
900 1390
900 1400
900 1410
900 1420
900 1430
900 1440
900 1450
900 1460
900 1470
900 1480
900 1490
900 1500
900 1510
900 1520
900 1530
900 1540
900 1550
900 1560
900 1570
900 1580
900 1590
900 1600
900 1610
900 1620
900 1630
900 1640
900 1650
900 1660
900 1670
900 1680
900 1690
900 1700
900 1710
900 1720
900 1730
900 1740
900 1750
900 1760
900 1770
900 1780
900 1790
900 1800
900 1810
900 1820
900 1830
900 1840
900 1850
900 1860
900 1870
900 1880
900 1890
900 1900
900 1910
900 1920
900 1930
900 1940
900 1950
900 1960
900 1970
900 1980
900 1990
900 2000
900 2010
900 2020
900 2030
900 2040
900 2050
900 2060
900 2070
900 2080
900 2090
900 2100
900 2110
900 2120
900 2130
900 2140
900 2150
900 2160
900 2170
900 2180
900 2190
900 2200
900 2210
900 2220
900 2230
900 2240
900 2250
900 2260
900 2270
900 2280
900 2290
900 2300
900 2310
900 2320
900 2330
900 2340
900 2350
900 2360
900 2370
900 2380
900 2390
900 2400
900 2410
900 2420
900 2430
900 2440
900 2450
900 2460
900 2470
900 2480
900 2490
900 2500
900 2510
900 2520
900 2530
900 2540
900 2550
900 2560
900 2570
900 2580
900 2590
900 2600
900 2610
900 2620
900 2630
900 2640
900 2650
900 2660
900 2670
900 2680
900 2690
900 2700
900 2710
900 2720
900 2730
900 2740
900 2750
900 2760
900 2770
900 2780
900 2790
900 2800
900 2810
900 2820
900 2830
900 2840
900 2850
900 2860
900 2870
900 2880
900 2890
900 2900
900 2910
900 2920
900 2930
900 2940
900 2950
900 2960
900 2970
900 2980
900 2990
900 3000
1000 0
1000 10
1000 20
1000 30
1000 40
1000 50
1000 60
1000 70
1000 80
1000 90
1000 100
1000 110
1000 120
1000 130
1000 140
1000 150
1000 160
1000 170
1000 180
1000 190
1000 200
1000 210
1000 220
1000 230
1000 240
1000 250
1000 260
1000 270
1000 280
1000 290
1000 300
1000 310
1000 320
1000 330
1000 340
1000 350
1000 360
1000 370
1000 380
1000 390
1000 400
1000 410
1000 420
1000 430
1000 440
1000 450
1000 460
1000 470
1000 480
1000 490
1000 500
1000 510
1000 520
1000 530
1000 540
1000 550
1000 560
1000 570
1000 580
1000 590
1000 600
1000 610
1000 620
1000 630
1000 640
1000 650
1000 660
1000 670
1000 680
1000 690
1000 700
1000 710
1000 720
1000 730
1000 740
1000 750
1000 760
1000 770
1000 780
1000 790
1000 800
1000 810
1000 820
1000 830
1000 840
1000 850
1000 860
1000 870
1000 880
1000 890
1000 900
1000 910
1000 920
1000 930
1000 940
1000 950
1000 960
1000 970
1000 980
1000 990
1000 1000
1000 1010
1000 1020
1000 1030
1000 1040
1000 1050
1000 1060
1000 1070
1000 1080
1000 1090
1000 1100
1000 1110
1000 1120
1000 1130
1000 1140
1000 1150
1000 1160
1000 1170
1000 1180
1000 1190
1000 1200
1000 1210
1000 1220
1000 1230
1000 1240
1000 1250
1000 1260
1000 1270
1000 1280
1000 1290
1000 1300
1000 1310
1000 1320
1000 1330
1000 1340
1000 1350
1000 1360
1000 1370
1000 1380
1000 1390
1000 1400
1000 1410
1000 1420
1000 1430
1000 1440
1000 1450
1000 1460
1000 1470
1000 1480
1000 1490
1000 1500
1000 1510
1000 1520
1000 1530
1000 1540
1000 1550
1000 1560
1000 1570
1000 1580
1000 1590
1000 1600
1000 1610
1000 1620
1000 1630
1000 1640
1000 1650
1000 1660
1000 1670
1000 1680
1000 1690
1000 1700
1000 1710
1000 1720
1000 1730
1000 1740
1000 1750
1000 1760
1000 1770
1000 1780
1000 1790
1000 1800
1000 1810
1000 1820
1000 1830
1000 1840
1000 1850
1000 1860
1000 1870
1000 1880
1000 1890
1000 1900
1000 1910
1000 1920
1000 1930
1000 1940
1000 1950
1000 1960
1000 1970
1000 1980
1000 1990
1000 2000
1000 2010
1000 2020
1000 2030
1000 2040
1000 2050
1000 2060
1000 2070
1000 2080
1000 2090
1000 2100
1000 2110
1000 2120
1000 2130
1000 2140
1000 2150
1000 2160
1000 2170
1000 2180
1000 2190
1000 2200
1000 2210
1000 2220
1000 2230
1000 2240
1000 2250
1000 2260
1000 2270
1000 2280
1000 2290
1000 2300
1000 2310
1000 2320
1000 2330
1000 2340
1000 2350
1000 2360
1000 2370
1000 2380
1000 2390
1000 2400
1000 2410
1000 2420
1000 2430
1000 2440
1000 2450
1000 2460
1000 2470
1000 2480
1000 2490
1000 2500
1000 2510
1000 2520
1000 2530
1000 2540
1000 2550
1000 2560
1000 2570
1000 2580
1000 2590
1000 2600
1000 2610
1000 2620
1000 2630
1000 2640
1000 2650
1000 2660
1000 2670
1000 2680
1000 2690
1000 2700
1000 2710
1000 2720
1000 2730
1000 2740
1000 2750
1000 2760
1000 2770
1000 2780
1000 2790
1000 2800
1000 2810
1000 2820
1000 2830
1000 2840
1000 2850
1000 2860
1000 2870
1000 2880
1000 2890
1000 2900
1000 2910
1000 2920
1000 2930
1000 2940
1000 2950
1000 2960
1000 2970
1000 2980
1000 2990
1000 3000
1100 0
1100 10
1100 20
1100 30
1100 40
1100 50
1100 60
1100 70
1100 80
1100 90
1100 100
1100 110
1100 120
1100 130
1100 140
1100 150
1100 160
1100 170
1100 180
1100 190
1100 200
1100 210
1100 220
1100 230
1100 240
1100 250
1100 260
1100 270
1100 280
1100 290
1100 300
1100 310
1100 320
1100 330
1100 340
1100 350
1100 360
1100 370
1100 380
1100 390
1100 400
1100 410
1100 420
1100 430
1100 440
1100 450
1100 460
1100 470
1100 480
1100 490
1100 500
1100 510
1100 520
1100 530
1100 540
1100 550
1100 560
1100 570
1100 580
1100 590
1100 600
1100 610
1100 620
1100 630
1100 640
1100 650
1100 660
1100 670
1100 680
1100 690
1100 700
1100 710
1100 720
1100 730
1100 740
1100 750
1100 760
1100 770
1100 780
1100 790
1100 800
1100 810
1100 820
1100 830
1100 840
1100 850
1100 860
1100 870
1100 880
1100 890
1100 900
1100 910
1100 920
1100 930
1100 940
1100 950
1100 960
1100 970
1100 980
1100 990
1100 1000
1100 1010
1100 1020
1100 1030
1100 1040
1100 1050
1100 1060
1100 1070
1100 1080
1100 1090
1100 1100
1100 1110
1100 1120
1100 1130
1100 1140
1100 1150
1100 1160
1100 1170
1100 1180
1100 1190
1100 1200
1100 1210
1100 1220
1100 1230
1100 1240
1100 1250
1100 1260
1100 1270
1100 1280
1100 1290
1100 1300
1100 1310
1100 1320
1100 1330
1100 1340
1100 1350
1100 1360
1100 1370
1100 1380
1100 1390
1100 1400
1100 1410
1100 1420
1100 1430
1100 1440
1100 1450
1100 1460
1100 1470
1100 1480
1100 1490
1100 1500
1100 1510
1100 1520
1100 1530
1100 1540
1100 1550
1100 1560
1100 1570
1100 1580
1100 1590
1100 1600
1100 1610
1100 1620
1100 1630
1100 1640
1100 1650
1100 1660
1100 1670
1100 1680
1100 1690
1100 1700
1100 1710
1100 1720
1100 1730
1100 1740
1100 1750
1100 1760
1100 1770
1100 1780
1100 1790
1100 1800
1100 1810
1100 1820
1100 1830
1100 1840
1100 1850
1100 1860
1100 1870
1100 1880
1100 1890
1100 1900
1100 1910
1100 1920
1100 1930
1100 1940
1100 1950
1100 1960
1100 1970
1100 1980
1100 1990
1100 2000
1100 2010
1100 2020
1100 2030
1100 2040
1100 2050
1100 2060
1100 2070
1100 2080
1100 2090
1100 2100
1100 2110
1100 2120
1100 2130
1100 2140
1100 2150
1100 2160
1100 2170
1100 2180
1100 2190
1100 2200
1100 2210
1100 2220
1100 2230
1100 2240
1100 2250
1100 2260
1100 2270
1100 2280
1100 2290
1100 2300
1100 2310
1100 2320
1100 2330
1100 2340
1100 2350
1100 2360
1100 2370
1100 2380
1100 2390
1100 2400
1100 2410
1100 2420
1100 2430
1100 2440
1100 2450
1100 2460
1100 2470
1100 2480
1100 2490
1100 2500
1100 2510
1100 2520
1100 2530
1100 2540
1100 2550
1100 2560
1100 2570
1100 2580
1100 2590
1100 2600
1100 2610
1100 2620
1100 2630
1100 2640
1100 2650
1100 2660
1100 2670
1100 2680
1100 2690
1100 2700
1100 2710
1100 2720
1100 2730
1100 2740
1100 2750
1100 2760
1100 2770
1100 2780
1100 2790
1100 2800
1100 2810
1100 2820
1100 2830
1100 2840
1100 2850
1100 2860
1100 2870
1100 2880
1100 2890
1100 2900
1100 2910
1100 2920
1100 2930
1100 2940
1100 2950
1100 2960
1100 2970
1100 2980
1100 2990
1100 3000
1200 0
1200 10
1200 20
1200 30
1200 40
1200 50
1200 60
1200 70
1200 80
1200 90
1200 100
1200 110
1200 120
1200 130
1200 140
1200 150
1200 160
1200 170
1200 180
1200 190
1200 200
1200 210
1200 220
1200 230
1200 240
1200 250
1200 260
1200 270
1200 280
1200 290
1200 300
1200 310
1200 320
1200 330
1200 340
1200 350
1200 360
1200 370
1200 380
1200 390
1200 400
1200 410
1200 420
1200 430
1200 440
1200 450
1200 460
1200 470
1200 480
1200 490
1200 500
1200 510
1200 520
1200 530
1200 540
1200 550
1200 560
1200 570
1200 580
1200 590
1200 600
1200 610
1200 620
1200 630
1200 640
1200 650
1200 660
1200 670
1200 680
1200 690
1200 700
1200 710
1200 720
1200 730
1200 740
1200 750
1200 760
1200 770
1200 780
1200 790
1200 800
1200 810
1200 820
1200 830
1200 840
1200 850
1200 860
1200 870
1200 880
1200 890
1200 900
1200 910
1200 920
1200 930
1200 940
1200 950
1200 960
1200 970
1200 980
1200 990
1200 1000
1200 1010
1200 1020
1200 1030
1200 1040
1200 1050
1200 1060
1200 1070
1200 1080
1200 1090
1200 1100
1200 1110
1200 1120
1200 1130
1200 1140
1200 1150
1200 1160
1200 1170
1200 1180
1200 1190
1200 1200
1200 1210
1200 1220
1200 1230
1200 1240
1200 1250
1200 1260
1200 1270
1200 1280
1200 1290
1200 1300
1200 1310
1200 1320
1200 1330
1200 1340
1200 1350
1200 1360
1200 1370
1200 1380
1200 1390
1200 1400
1200 1410
1200 1420
1200 1430
1200 1440
1200 1450
1200 1460
1200 1470
1200 1480
1200 1490
1200 1500
1200 1510
1200 1520
1200 1530
1200 1540
1200 1550
1200 1560
1200 1570
1200 1580
1200 1590
1200 1600
1200 1610
1200 1620
1200 1630
1200 1640
1200 1650
1200 1660
1200 1670
1200 1680
1200 1690
1200 1700
1200 1710
1200 1720
1200 1730
1200 1740
1200 1750
1200 1760
1200 1770
1200 1780
1200 1790
1200 1800
1200 1810
1200 1820
1200 1830
1200 1840
1200 1850
1200 1860
1200 1870
1200 1880
1200 1890
1200 1900
1200 1910
1200 1920
1200 1930
1200 1940
1200 1950
1200 1960
1200 1970
1200 1980
1200 1990
1200 2000
1200 2010
1200 2020
1200 2030
1200 2040
1200 2050
1200 2060
1200 2070
1200 2080
1200 2090
1200 2100
1200 2110
1200 2120
1200 2130
1200 2140
1200 2150
1200 2160
1200 2170
1200 2180
1200 2190
1200 2200
1200 2210
1200 2220
1200 2230
1200 2240
1200 2250
1200 2260
1200 2270
1200 2280
1200 2290
1200 2300
1200 2310
1200 2320
1200 2330
1200 2340
1200 2350
1200 2360
1200 2370
1200 2380
1200 2390
1200 2400
1200 2410
1200 2420
1200 2430
1200 2440
1200 2450
1200 2460
1200 2470
1200 2480
1200 2490
1200 2500
1200 2510
1200 2520
1200 2530
1200 2540
1200 2550
1200 2560
1200 2570
1200 2580
1200 2590
1200 2600
1200 2610
1200 2620
1200 2630
1200 2640
1200 2650
1200 2660
1200 2670
1200 2680
1200 2690
1200 2700
1200 2710
1200 2720
1200 2730
1200 2740
1200 2750
1200 2760
1200 2770
1200 2780
1200 2790
1200 2800
1200 2810
1200 2820
1200 2830
1200 2840
1200 2850
1200 2860
1200 2870
1200 2880
1200 2890
1200 2900
1200 2910
1200 2920
1200 2930
1200 2940
1200 2950
1200 2960
1200 2970
1200 2980
1200 2990
1200 3000
1300 0
1300 10
1300 20
1300 30
1300 40
1300 50
1300 60
1300 70
1300 80
1300 90
1300 100
1300 110
1300 120
1300 130
1300 140
1300 150
1300 160
1300 170
1300 180
1300 190
1300 200
1300 210
1300 220
1300 230
1300 240
1300 250
1300 260
1300 270
1300 280
1300 290
1300 300
1300 310
1300 320
1300 330
1300 340
1300 350
1300 360
1300 370
1300 380
1300 390
1300 400
1300 410
1300 420
1300 430
1300 440
1300 450
1300 460
1300 470
1300 480
1300 490
1300 500
1300 510
1300 520
1300 530
1300 540
1300 550
1300 560
1300 570
1300 580
1300 590
1300 600
1300 610
1300 620
1300 630
1300 640
1300 650
1300 660
1300 670
1300 680
1300 690
1300 700
1300 710
1300 720
1300 730
1300 740
1300 750
1300 760
1300 770
1300 780
1300 790
1300 800
1300 810
1300 820
1300 830
1300 840
1300 850
1300 860
1300 870
1300 880
1300 890
1300 900
1300 910
1300 920
1300 930
1300 940
1300 950
1300 960
1300 970
1300 980
1300 990
1300 1000
1300 1010
1300 1020
1300 1030
1300 1040
1300 1050
1300 1060
1300 1070
1300 1080
1300 1090
1300 1100
1300 1110
1300 1120
1300 1130
1300 1140
1300 1150
1300 1160
1300 1170
1300 1180
1300 1190
1300 1200
1300 1210
1300 1220
1300 1230
1300 1240
1300 1250
1300 1260
1300 1270
1300 1280
1300 1290
1300 1300
1300 1310
1300 1320
1300 1330
1300 1340
1300 1350
1300 1360
1300 1370
1300 1380
1300 1390
1300 1400
1300 1410
1300 1420
1300 1430
1300 1440
1300 1450
1300 1460
1300 1470
1300 1480
1300 1490
1300 1500
1300 1510
1300 1520
1300 1530
1300 1540
1300 1550
1300 1560
1300 1570
1300 1580
1300 1590
1300 1600
1300 1610
1300 1620
1300 1630
1300 1640
1300 1650
1300 1660
1300 1670
1300 1680
1300 1690
1300 1700
1300 1710
1300 1720
1300 1730
1300 1740
1300 1750
1300 1760
1300 1770
1300 1780
1300 1790
1300 1800
1300 1810
1300 1820
1300 1830
1300 1840
1300 1850
1300 1860
1300 1870
1300 1880
1300 1890
1300 1900
1300 1910
1300 1920
1300 1930
1300 1940
1300 1950
1300 1960
1300 1970
1300 1980
1300 1990
1300 2000
1300 2010
1300 2020
1300 2030
1300 2040
1300 2050
1300 2060
1300 2070
1300 2080
1300 2090
1300 2100
1300 2110
1300 2120
1300 2130
1300 2140
1300 2150
1300 2160
1300 2170
1300 2180
1300 2190
1300 2200
1300 2210
1300 2220
1300 2230
1300 2240
1300 2250
1300 2260
1300 2270
1300 2280
1300 2290
1300 2300
1300 2310
1300 2320
1300 2330
1300 2340
1300 2350
1300 2360
1300 2370
1300 2380
1300 2390
1300 2400
1300 2410
1300 2420
1300 2430
1300 2440
1300 2450
1300 2460
1300 2470
1300 2480
1300 2490
1300 2500
1300 2510
1300 2520
1300 2530
1300 2540
1300 2550
1300 2560
1300 2570
1300 2580
1300 2590
1300 2600
1300 2610
1300 2620
1300 2630
1300 2640
1300 2650
1300 2660
1300 2670
1300 2680
1300 2690
1300 2700
1300 2710
1300 2720
1300 2730
1300 2740
1300 2750
1300 2760
1300 2770
1300 2780
1300 2790
1300 2800
1300 2810
1300 2820
1300 2830
1300 2840
1300 2850
1300 2860
1300 2870
1300 2880
1300 2890
1300 2900
1300 2910
1300 2920
1300 2930
1300 2940
1300 2950
1300 2960
1300 2970
1300 2980
1300 2990
1300 3000
1400 0
1400 10
1400 20
1400 30
1400 40
1400 50
1400 60
1400 70
1400 80
1400 90
1400 100
1400 110
1400 120
1400 130
1400 140
1400 150
1400 160
1400 170
1400 180
1400 190
1400 200
1400 210
1400 220
1400 230
1400 240
1400 250
1400 260
1400 270
1400 280
1400 290
1400 300
1400 310
1400 320
1400 330
1400 340
1400 350
1400 360
1400 370
1400 380
1400 390
1400 400
1400 410
1400 420
1400 430
1400 440
1400 450
1400 460
1400 470
1400 480
1400 490
1400 500
1400 510
1400 520
1400 530
1400 540
1400 550
1400 560
1400 570
1400 580
1400 590
1400 600
1400 610
1400 620
1400 630
1400 640
1400 650
1400 660
1400 670
1400 680
1400 690
1400 700
1400 710
1400 720
1400 730
1400 740
1400 750
1400 760
1400 770
1400 780
1400 790
1400 800
1400 810
1400 820
1400 830
1400 840
1400 850
1400 860
1400 870
1400 880
1400 890
1400 900
1400 910
1400 920
1400 930
1400 940
1400 950
1400 960
1400 970
1400 980
1400 990
1400 1000
1400 1010
1400 1020
1400 1030
1400 1040
1400 1050
1400 1060
1400 1070
1400 1080
1400 1090
1400 1100
1400 1110
1400 1120
1400 1130
1400 1140
1400 1150
1400 1160
1400 1170
1400 1180
1400 1190
1400 1200
1400 1210
1400 1220
1400 1230
1400 1240
1400 1250
1400 1260
1400 1270
1400 1280
1400 1290
1400 1300
1400 1310
1400 1320
1400 1330
1400 1340
1400 1350
1400 1360
1400 1370
1400 1380
1400 1390
1400 1400
1400 1410
1400 1420
1400 1430
1400 1440
1400 1450
1400 1460
1400 1470
1400 1480
1400 1490
1400 1500
1400 1510
1400 1520
1400 1530
1400 1540
1400 1550
1400 1560
1400 1570
1400 1580
1400 1590
1400 1600
1400 1610
1400 1620
1400 1630
1400 1640
1400 1650
1400 1660
1400 1670
1400 1680
1400 1690
1400 1700
1400 1710
1400 1720
1400 1730
1400 1740
1400 1750
1400 1760
1400 1770
1400 1780
1400 1790
1400 1800
1400 1810
1400 1820
1400 1830
1400 1840
1400 1850
1400 1860
1400 1870
1400 1880
1400 1890
1400 1900
1400 1910
1400 1920
1400 1930
1400 1940
1400 1950
1400 1960
1400 1970
1400 1980
1400 1990
1400 2000
1400 2010
1400 2020
1400 2030
1400 2040
1400 2050
1400 2060
1400 2070
1400 2080
1400 2090
1400 2100
1400 2110
1400 2120
1400 2130
1400 2140
1400 2150
1400 2160
1400 2170
1400 2180
1400 2190
1400 2200
1400 2210
1400 2220
1400 2230
1400 2240
1400 2250
1400 2260
1400 2270
1400 2280
1400 2290
1400 2300
1400 2310
1400 2320
1400 2330
1400 2340
1400 2350
1400 2360
1400 2370
1400 2380
1400 2390
1400 2400
1400 2410
1400 2420
1400 2430
1400 2440
1400 2450
1400 2460
1400 2470
1400 2480
1400 2490
1400 2500
1400 2510
1400 2520
1400 2530
1400 2540
1400 2550
1400 2560
1400 2570
1400 2580
1400 2590
1400 2600
1400 2610
1400 2620
1400 2630
1400 2640
1400 2650
1400 2660
1400 2670
1400 2680
1400 2690
1400 2700
1400 2710
1400 2720
1400 2730
1400 2740
1400 2750
1400 2760
1400 2770
1400 2780
1400 2790
1400 2800
1400 2810
1400 2820
1400 2830
1400 2840
1400 2850
1400 2860
1400 2870
1400 2880
1400 2890
1400 2900
1400 2910
1400 2920
1400 2930
1400 2940
1400 2950
1400 2960
1400 2970
1400 2980
1400 2990
1400 3000
1500 0
1500 10
1500 20
1500 30
1500 40
1500 50
1500 60
1500 70
1500 80
1500 90
1500 100
1500 110
1500 120
1500 130
1500 140
1500 150
1500 160
1500 170
1500 180
1500 190
1500 200
1500 210
1500 220
1500 230
1500 240
1500 250
1500 260
1500 270
1500 280
1500 290
1500 300
1500 310
1500 320
1500 330
1500 340
1500 350
1500 360
1500 370
1500 380
1500 390
1500 400
1500 410
1500 420
1500 430
1500 440
1500 450
1500 460
1500 470
1500 480
1500 490
1500 500
1500 510
1500 520
1500 530
1500 540
1500 550
1500 560
1500 570
1500 580
1500 590
1500 600
1500 610
1500 620
1500 630
1500 640
1500 650
1500 660
1500 670
1500 680
1500 690
1500 700
1500 710
1500 720
1500 730
1500 740
1500 750
1500 760
1500 770
1500 780
1500 790
1500 800
1500 810
1500 820
1500 830
1500 840
1500 850
1500 860
1500 870
1500 880
1500 890
1500 900
1500 910
1500 920
1500 930
1500 940
1500 950
1500 960
1500 970
1500 980
1500 990
1500 1000
1500 1010
1500 1020
1500 1030
1500 1040
1500 1050
1500 1060
1500 1070
1500 1080
1500 1090
1500 1100
1500 1110
1500 1120
1500 1130
1500 1140
1500 1150
1500 1160
1500 1170
1500 1180
1500 1190
1500 1200
1500 1210
1500 1220
1500 1230
1500 1240
1500 1250
1500 1260
1500 1270
1500 1280
1500 1290
1500 1300
1500 1310
1500 1320
1500 1330
1500 1340
1500 1350
1500 1360
1500 1370
1500 1380
1500 1390
1500 1400
1500 1410
1500 1420
1500 1430
1500 1440
1500 1450
1500 1460
1500 1470
1500 1480
1500 1490
1500 1500
1500 1510
1500 1520
1500 1530
1500 1540
1500 1550
1500 1560
1500 1570
1500 1580
1500 1590
1500 1600
1500 1610
1500 1620
1500 1630
1500 1640
1500 1650
1500 1660
1500 1670
1500 1680
1500 1690
1500 1700
1500 1710
1500 1720
1500 1730
1500 1740
1500 1750
1500 1760
1500 1770
1500 1780
1500 1790
1500 1800
1500 1810
1500 1820
1500 1830
1500 1840
1500 1850
1500 1860
1500 1870
1500 1880
1500 1890
1500 1900
1500 1910
1500 1920
1500 1930
1500 1940
1500 1950
1500 1960
1500 1970
1500 1980
1500 1990
1500 2000
1500 2010
1500 2020
1500 2030
1500 2040
1500 2050
1500 2060
1500 2070
1500 2080
1500 2090
1500 2100
1500 2110
1500 2120
1500 2130
1500 2140
1500 2150
1500 2160
1500 2170
1500 2180
1500 2190
1500 2200
1500 2210
1500 2220
1500 2230
1500 2240
1500 2250
1500 2260
1500 2270
1500 2280
1500 2290
1500 2300
1500 2310
1500 2320
1500 2330
1500 2340
1500 2350
1500 2360
1500 2370
1500 2380
1500 2390
1500 2400
1500 2410
1500 2420
1500 2430
1500 2440
1500 2450
1500 2460
1500 2470
1500 2480
1500 2490
1500 2500
1500 2510
1500 2520
1500 2530
1500 2540
1500 2550
1500 2560
1500 2570
1500 2580
1500 2590
1500 2600
1500 2610
1500 2620
1500 2630
1500 2640
1500 2650
1500 2660
1500 2670
1500 2680
1500 2690
1500 2700
1500 2710
1500 2720
1500 2730
1500 2740
1500 2750
1500 2760
1500 2770
1500 2780
1500 2790
1500 2800
1500 2810
1500 2820
1500 2830
1500 2840
1500 2850
1500 2860
1500 2870
1500 2880
1500 2890
1500 2900
1500 2910
1500 2920
1500 2930
1500 2940
1500 2950
1500 2960
1500 2970
1500 2980
1500 2990
1500 3000
1600 0
1600 10
1600 20
1600 30
1600 40
1600 50
1600 60
1600 70
1600 80
1600 90
1600 100
1600 110
1600 120
1600 130
1600 140
1600 150
1600 160
1600 170
1600 180
1600 190
1600 200
1600 210
1600 220
1600 230
1600 240
1600 250
1600 260
1600 270
1600 280
1600 290
1600 300
1600 310
1600 320
1600 330
1600 340
1600 350
1600 360
1600 370
1600 380
1600 390
1600 400
1600 410
1600 420
1600 430
1600 440
1600 450
1600 460
1600 470
1600 480
1600 490
1600 500
1600 510
1600 520
1600 530
1600 540
1600 550
1600 560
1600 570
1600 580
1600 590
1600 600
1600 610
1600 620
1600 630
1600 640
1600 650
1600 660
1600 670
1600 680
1600 690
1600 700
1600 710
1600 720
1600 730
1600 740
1600 750
1600 760
1600 770
1600 780
1600 790
1600 800
1600 810
1600 820
1600 830
1600 840
1600 850
1600 860
1600 870
1600 880
1600 890
1600 900
1600 910
1600 920
1600 930
1600 940
1600 950
1600 960
1600 970
1600 980
1600 990
1600 1000
1600 1010
1600 1020
1600 1030
1600 1040
1600 1050
1600 1060
1600 1070
1600 1080
1600 1090
1600 1100
1600 1110
1600 1120
1600 1130
1600 1140
1600 1150
1600 1160
1600 1170
1600 1180
1600 1190
1600 1200
1600 1210
1600 1220
1600 1230
1600 1240
1600 1250
1600 1260
1600 1270
1600 1280
1600 1290
1600 1300
1600 1310
1600 1320
1600 1330
1600 1340
1600 1350
1600 1360
1600 1370
1600 1380
1600 1390
1600 1400
1600 1410
1600 1420
1600 1430
1600 1440
1600 1450
1600 1460
1600 1470
1600 1480
1600 1490
1600 1500
1600 1510
1600 1520
1600 1530
1600 1540
1600 1550
1600 1560
1600 1570
1600 1580
1600 1590
1600 1600
1600 1610
1600 1620
1600 1630
1600 1640
1600 1650
1600 1660
1600 1670
1600 1680
1600 1690
1600 1700
1600 1710
1600 1720
1600 1730
1600 1740
1600 1750
1600 1760
1600 1770
1600 1780
1600 1790
1600 1800
1600 1810
1600 1820
1600 1830
1600 1840
1600 1850
1600 1860
1600 1870
1600 1880
1600 1890
1600 1900
1600 1910
1600 1920
1600 1930
1600 1940
1600 1950
1600 1960
1600 1970
1600 1980
1600 1990
1600 2000
1600 2010
1600 2020
1600 2030
1600 2040
1600 2050
1600 2060
1600 2070
1600 2080
1600 2090
1600 2100
1600 2110
1600 2120
1600 2130
1600 2140
1600 2150
1600 2160
1600 2170
1600 2180
1600 2190
1600 2200
1600 2210
1600 2220
1600 2230
1600 2240
1600 2250
1600 2260
1600 2270
1600 2280
1600 2290
1600 2300
1600 2310
1600 2320
1600 2330
1600 2340
1600 2350
1600 2360
1600 2370
1600 2380
1600 2390
1600 2400
1600 2410
1600 2420
1600 2430
1600 2440
1600 2450
1600 2460
1600 2470
1600 2480
1600 2490
1600 2500
1600 2510
1600 2520
1600 2530
1600 2540
1600 2550
1600 2560
1600 2570
1600 2580
1600 2590
1600 2600
1600 2610
1600 2620
1600 2630
1600 2640
1600 2650
1600 2660
1600 2670
1600 2680
1600 2690
1600 2700
1600 2710
1600 2720
1600 2730
1600 2740
1600 2750
1600 2760
1600 2770
1600 2780
1600 2790
1600 2800
1600 2810
1600 2820
1600 2830
1600 2840
1600 2850
1600 2860
1600 2870
1600 2880
1600 2890
1600 2900
1600 2910
1600 2920
1600 2930
1600 2940
1600 2950
1600 2960
1600 2970
1600 2980
1600 2990
1600 3000
1700 0
1700 10
1700 20
1700 30
1700 40
1700 50
1700 60
1700 70
1700 80
1700 90
1700 100
1700 110
1700 120
1700 130
1700 140
1700 150
1700 160
1700 170
1700 180
1700 190
1700 200
1700 210
1700 220
1700 230
1700 240
1700 250
1700 260
1700 270
1700 280
1700 290
1700 300
1700 310
1700 320
1700 330
1700 340
1700 350
1700 360
1700 370
1700 380
1700 390
1700 400
1700 410
1700 420
1700 430
1700 440
1700 450
1700 460
1700 470
1700 480
1700 490
1700 500
1700 510
1700 520
1700 530
1700 540
1700 550
1700 560
1700 570
1700 580
1700 590
1700 600
1700 610
1700 620
1700 630
1700 640
1700 650
1700 660
1700 670
1700 680
1700 690
1700 700
1700 710
1700 720
1700 730
1700 740
1700 750
1700 760
1700 770
1700 780
1700 790
1700 800
1700 810
1700 820
1700 830
1700 840
1700 850
1700 860
1700 870
1700 880
1700 890
1700 900
1700 910
1700 920
1700 930
1700 940
1700 950
1700 960
1700 970
1700 980
1700 990
1700 1000
1700 1010
1700 1020
1700 1030
1700 1040
1700 1050
1700 1060
1700 1070
1700 1080
1700 1090
1700 1100
1700 1110
1700 1120
1700 1130
1700 1140
1700 1150
1700 1160
1700 1170
1700 1180
1700 1190
1700 1200
1700 1210
1700 1220
1700 1230
1700 1240
1700 1250
1700 1260
1700 1270
1700 1280
1700 1290
1700 1300
1700 1310
1700 1320
1700 1330
1700 1340
1700 1350
1700 1360
1700 1370
1700 1380
1700 1390
1700 1400
1700 1410
1700 1420
1700 1430
1700 1440
1700 1450
1700 1460
1700 1470
1700 1480
1700 1490
1700 1500
1700 1510
1700 1520
1700 1530
1700 1540
1700 1550
1700 1560
1700 1570
1700 1580
1700 1590
1700 1600
1700 1610
1700 1620
1700 1630
1700 1640
1700 1650
1700 1660
1700 1670
1700 1680
1700 1690
1700 1700
1700 1710
1700 1720
1700 1730
1700 1740
1700 1750
1700 1760
1700 1770
1700 1780
1700 1790
1700 1800
1700 1810
1700 1820
1700 1830
1700 1840
1700 1850
1700 1860
1700 1870
1700 1880
1700 1890
1700 1900
1700 1910
1700 1920
1700 1930
1700 1940
1700 1950
1700 1960
1700 1970
1700 1980
1700 1990
1700 2000
1700 2010
1700 2020
1700 2030
1700 2040
1700 2050
1700 2060
1700 2070
1700 2080
1700 2090
1700 2100
1700 2110
1700 2120
1700 2130
1700 2140
1700 2150
1700 2160
1700 2170
1700 2180
1700 2190
1700 2200
1700 2210
1700 2220
1700 2230
1700 2240
1700 2250
1700 2260
1700 2270
1700 2280
1700 2290
1700 2300
1700 2310
1700 2320
1700 2330
1700 2340
1700 2350
1700 2360
1700 2370
1700 2380
1700 2390
1700 2400
1700 2410
1700 2420
1700 2430
1700 2440
1700 2450
1700 2460
1700 2470
1700 2480
1700 2490
1700 2500
1700 2510
1700 2520
1700 2530
1700 2540
1700 2550
1700 2560
1700 2570
1700 2580
1700 2590
1700 2600
1700 2610
1700 2620
1700 2630
1700 2640
1700 2650
1700 2660
1700 2670
1700 2680
1700 2690
1700 2700
1700 2710
1700 2720
1700 2730
1700 2740
1700 2750
1700 2760
1700 2770
1700 2780
1700 2790
1700 2800
1700 2810
1700 2820
1700 2830
1700 2840
1700 2850
1700 2860
1700 2870
1700 2880
1700 2890
1700 2900
1700 2910
1700 2920
1700 2930
1700 2940
1700 2950
1700 2960
1700 2970
1700 2980
1700 2990
1700 3000
1800 0
1800 10
1800 20
1800 30
1800 40
1800 50
1800 60
1800 70
1800 80
1800 90
1800 100
1800 110
1800 120
1800 130
1800 140
1800 150
1800 160
1800 170
1800 180
1800 190
1800 200
1800 210
1800 220
1800 230
1800 240
1800 250
1800 260
1800 270
1800 280
1800 290
1800 300
1800 310
1800 320
1800 330
1800 340
1800 350
1800 360
1800 370
1800 380
1800 390
1800 400
1800 410
1800 420
1800 430
1800 440
1800 450
1800 460
1800 470
1800 480
1800 490
1800 500
1800 510
1800 520
1800 530
1800 540
1800 550
1800 560
1800 570
1800 580
1800 590
1800 600
1800 610
1800 620
1800 630
1800 640
1800 650
1800 660
1800 670
1800 680
1800 690
1800 700
1800 710
1800 720
1800 730
1800 740
1800 750
1800 760
1800 770
1800 780
1800 790
1800 800
1800 810
1800 820
1800 830
1800 840
1800 850
1800 860
1800 870
1800 880
1800 890
1800 900
1800 910
1800 920
1800 930
1800 940
1800 950
1800 960
1800 970
1800 980
1800 990
1800 1000
1800 1010
1800 1020
1800 1030
1800 1040
1800 1050
1800 1060
1800 1070
1800 1080
1800 1090
1800 1100
1800 1110
1800 1120
1800 1130
1800 1140
1800 1150
1800 1160
1800 1170
1800 1180
1800 1190
1800 1200
1800 1210
1800 1220
1800 1230
1800 1240
1800 1250
1800 1260
1800 1270
1800 1280
1800 1290
1800 1300
1800 1310
1800 1320
1800 1330
1800 1340
1800 1350
1800 1360
1800 1370
1800 1380
1800 1390
1800 1400
1800 1410
1800 1420
1800 1430
1800 1440
1800 1450
1800 1460
1800 1470
1800 1480
1800 1490
1800 1500
1800 1510
1800 1520
1800 1530
1800 1540
1800 1550
1800 1560
1800 1570
1800 1580
1800 1590
1800 1600
1800 1610
1800 1620
1800 1630
1800 1640
1800 1650
1800 1660
1800 1670
1800 1680
1800 1690
1800 1700
1800 1710
1800 1720
1800 1730
1800 1740
1800 1750
1800 1760
1800 1770
1800 1780
1800 1790
1800 1800
1800 1810
1800 1820
1800 1830
1800 1840
1800 1850
1800 1860
1800 1870
1800 1880
1800 1890
1800 1900
1800 1910
1800 1920
1800 1930
1800 1940
1800 1950
1800 1960
1800 1970
1800 1980
1800 1990
1800 2000
1800 2010
1800 2020
1800 2030
1800 2040
1800 2050
1800 2060
1800 2070
1800 2080
1800 2090
1800 2100
1800 2110
1800 2120
1800 2130
1800 2140
1800 2150
1800 2160
1800 2170
1800 2180
1800 2190
1800 2200
1800 2210
1800 2220
1800 2230
1800 2240
1800 2250
1800 2260
1800 2270
1800 2280
1800 2290
1800 2300
1800 2310
1800 2320
1800 2330
1800 2340
1800 2350
1800 2360
1800 2370
1800 2380
1800 2390
1800 2400
1800 2410
1800 2420
1800 2430
1800 2440
1800 2450
1800 2460
1800 2470
1800 2480
1800 2490
1800 2500
1800 2510
1800 2520
1800 2530
1800 2540
1800 2550
1800 2560
1800 2570
1800 2580
1800 2590
1800 2600
1800 2610
1800 2620
1800 2630
1800 2640
1800 2650
1800 2660
1800 2670
1800 2680
1800 2690
1800 2700
1800 2710
1800 2720
1800 2730
1800 2740
1800 2750
1800 2760
1800 2770
1800 2780
1800 2790
1800 2800
1800 2810
1800 2820
1800 2830
1800 2840
1800 2850
1800 2860
1800 2870
1800 2880
1800 2890
1800 2900
1800 2910
1800 2920
1800 2930
1800 2940
1800 2950
1800 2960
1800 2970
1800 2980
1800 2990
1800 3000
1900 0
1900 10
1900 20
1900 30
1900 40
1900 50
1900 60
1900 70
1900 80
1900 90
1900 100
1900 110
1900 120
1900 130
1900 140
1900 150
1900 160
1900 170
1900 180
1900 190
1900 200
1900 210
1900 220
1900 230
1900 240
1900 250
1900 260
1900 270
1900 280
1900 290
1900 300
1900 310
1900 320
1900 330
1900 340
1900 350
1900 360
1900 370
1900 380
1900 390
1900 400
1900 410
1900 420
1900 430
1900 440
1900 450
1900 460
1900 470
1900 480
1900 490
1900 500
1900 510
1900 520
1900 530
1900 540
1900 550
1900 560
1900 570
1900 580
1900 590
1900 600
1900 610
1900 620
1900 630
1900 640
1900 650
1900 660
1900 670
1900 680
1900 690
1900 700
1900 710
1900 720
1900 730
1900 740
1900 750
1900 760
1900 770
1900 780
1900 790
1900 800
1900 810
1900 820
1900 830
1900 840
1900 850
1900 860
1900 870
1900 880
1900 890
1900 900
1900 910
1900 920
1900 930
1900 940
1900 950
1900 960
1900 970
1900 980
1900 990
1900 1000
1900 1010
1900 1020
1900 1030
1900 1040
1900 1050
1900 1060
1900 1070
1900 1080
1900 1090
1900 1100
1900 1110
1900 1120
1900 1130
1900 1140
1900 1150
1900 1160
1900 1170
1900 1180
1900 1190
1900 1200
1900 1210
1900 1220
1900 1230
1900 1240
1900 1250
1900 1260
1900 1270
1900 1280
1900 1290
1900 1300
1900 1310
1900 1320
1900 1330
1900 1340
1900 1350
1900 1360
1900 1370
1900 1380
1900 1390
1900 1400
1900 1410
1900 1420
1900 1430
1900 1440
1900 1450
1900 1460
1900 1470
1900 1480
1900 1490
1900 1500
1900 1510
1900 1520
1900 1530
1900 1540
1900 1550
1900 1560
1900 1570
1900 1580
1900 1590
1900 1600
1900 1610
1900 1620
1900 1630
1900 1640
1900 1650
1900 1660
1900 1670
1900 1680
1900 1690
1900 1700
1900 1710
1900 1720
1900 1730
1900 1740
1900 1750
1900 1760
1900 1770
1900 1780
1900 1790
1900 1800
1900 1810
1900 1820
1900 1830
1900 1840
1900 1850
1900 1860
1900 1870
1900 1880
1900 1890
1900 1900
1900 1910
1900 1920
1900 1930
1900 1940
1900 1950
1900 1960
1900 1970
1900 1980
1900 1990
1900 2000
1900 2010
1900 2020
1900 2030
1900 2040
1900 2050
1900 2060
1900 2070
1900 2080
1900 2090
1900 2100
1900 2110
1900 2120
1900 2130
1900 2140
1900 2150
1900 2160
1900 2170
1900 2180
1900 2190
1900 2200
1900 2210
1900 2220
1900 2230
1900 2240
1900 2250
1900 2260
1900 2270
1900 2280
1900 2290
1900 2300
1900 2310
1900 2320
1900 2330
1900 2340
1900 2350
1900 2360
1900 2370
1900 2380
1900 2390
1900 2400
1900 2410
1900 2420
1900 2430
1900 2440
1900 2450
1900 2460
1900 2470
1900 2480
1900 2490
1900 2500
1900 2510
1900 2520
1900 2530
1900 2540
1900 2550
1900 2560
1900 2570
1900 2580
1900 2590
1900 2600
1900 2610
1900 2620
1900 2630
1900 2640
1900 2650
1900 2660
1900 2670
1900 2680
1900 2690
1900 2700
1900 2710
1900 2720
1900 2730
1900 2740
1900 2750
1900 2760
1900 2770
1900 2780
1900 2790
1900 2800
1900 2810
1900 2820
1900 2830
1900 2840
1900 2850
1900 2860
1900 2870
1900 2880
1900 2890
1900 2900
1900 2910
1900 2920
1900 2930
1900 2940
1900 2950
1900 2960
1900 2970
1900 2980
1900 2990
1900 3000
2000 0
2000 10
2000 20
2000 30
2000 40
2000 50
2000 60
2000 70
2000 80
2000 90
2000 100
2000 110
2000 120
2000 130
2000 140
2000 150
2000 160
2000 170
2000 180
2000 190
2000 200
2000 210
2000 220
2000 230
2000 240
2000 250
2000 260
2000 270
2000 280
2000 290
2000 300
2000 310
2000 320
2000 330
2000 340
2000 350
2000 360
2000 370
2000 380
2000 390
2000 400
2000 410
2000 420
2000 430
2000 440
2000 450
2000 460
2000 470
2000 480
2000 490
2000 500
2000 510
2000 520
2000 530
2000 540
2000 550
2000 560
2000 570
2000 580
2000 590
2000 600
2000 610
2000 620
2000 630
2000 640
2000 650
2000 660
2000 670
2000 680
2000 690
2000 700
2000 710
2000 720
2000 730
2000 740
2000 750
2000 760
2000 770
2000 780
2000 790
2000 800
2000 810
2000 820
2000 830
2000 840
2000 850
2000 860
2000 870
2000 880
2000 890
2000 900
2000 910
2000 920
2000 930
2000 940
2000 950
2000 960
2000 970
2000 980
2000 990
2000 1000
2000 1010
2000 1020
2000 1030
2000 1040
2000 1050
2000 1060
2000 1070
2000 1080
2000 1090
2000 1100
2000 1110
2000 1120
2000 1130
2000 1140
2000 1150
2000 1160
2000 1170
2000 1180
2000 1190
2000 1200
2000 1210
2000 1220
2000 1230
2000 1240
2000 1250
2000 1260
2000 1270
2000 1280
2000 1290
2000 1300
2000 1310
2000 1320
2000 1330
2000 1340
2000 1350
2000 1360
2000 1370
2000 1380
2000 1390
2000 1400
2000 1410
2000 1420
2000 1430
2000 1440
2000 1450
2000 1460
2000 1470
2000 1480
2000 1490
2000 1500
2000 1510
2000 1520
2000 1530
2000 1540
2000 1550
2000 1560
2000 1570
2000 1580
2000 1590
2000 1600
2000 1610
2000 1620
2000 1630
2000 1640
2000 1650
2000 1660
2000 1670
2000 1680
2000 1690
2000 1700
2000 1710
2000 1720
2000 1730
2000 1740
2000 1750
2000 1760
2000 1770
2000 1780
2000 1790
2000 1800
2000 1810
2000 1820
2000 1830
2000 1840
2000 1850
2000 1860
2000 1870
2000 1880
2000 1890
2000 1900
2000 1910
2000 1920
2000 1930
2000 1940
2000 1950
2000 1960
2000 1970
2000 1980
2000 1990
2000 2000
2000 2010
2000 2020
2000 2030
2000 2040
2000 2050
2000 2060
2000 2070
2000 2080
2000 2090
2000 2100
2000 2110
2000 2120
2000 2130
2000 2140
2000 2150
2000 2160
2000 2170
2000 2180
2000 2190
2000 2200
2000 2210
2000 2220
2000 2230
2000 2240
2000 2250
2000 2260
2000 2270
2000 2280
2000 2290
2000 2300
2000 2310
2000 2320
2000 2330
2000 2340
2000 2350
2000 2360
2000 2370
2000 2380
2000 2390
2000 2400
2000 2410
2000 2420
2000 2430
2000 2440
2000 2450
2000 2460
2000 2470
2000 2480
2000 2490
2000 2500
2000 2510
2000 2520
2000 2530
2000 2540
2000 2550
2000 2560
2000 2570
2000 2580
2000 2590
2000 2600
2000 2610
2000 2620
2000 2630
2000 2640
2000 2650
2000 2660
2000 2670
2000 2680
2000 2690
2000 2700
2000 2710
2000 2720
2000 2730
2000 2740
2000 2750
2000 2760
2000 2770
2000 2780
2000 2790
2000 2800
2000 2810
2000 2820
2000 2830
2000 2840
2000 2850
2000 2860
2000 2870
2000 2880
2000 2890
2000 2900
2000 2910
2000 2920
2000 2930
2000 2940
2000 2950
2000 2960
2000 2970
2000 2980
2000 2990
2000 3000
2100 0
2100 10
2100 20
2100 30
2100 40
2100 50
2100 60
2100 70
2100 80
2100 90
2100 100
2100 110
2100 120
2100 130
2100 140
2100 150
2100 160
2100 170
2100 180
2100 190
2100 200
2100 210
2100 220
2100 230
2100 240
2100 250
2100 260
2100 270
2100 280
2100 290
2100 300
2100 310
2100 320
2100 330
2100 340
2100 350
2100 360
2100 370
2100 380
2100 390
2100 400
2100 410
2100 420
2100 430
2100 440
2100 450
2100 460
2100 470
2100 480
2100 490
2100 500
2100 510
2100 520
2100 530
2100 540
2100 550
2100 560
2100 570
2100 580
2100 590
2100 600
2100 610
2100 620
2100 630
2100 640
2100 650
2100 660
2100 670
2100 680
2100 690
2100 700
2100 710
2100 720
2100 730
2100 740
2100 750
2100 760
2100 770
2100 780
2100 790
2100 800
2100 810
2100 820
2100 830
2100 840
2100 850
2100 860
2100 870
2100 880
2100 890
2100 900
2100 910
2100 920
2100 930
2100 940
2100 950
2100 960
2100 970
2100 980
2100 990
2100 1000
2100 1010
2100 1020
2100 1030
2100 1040
2100 1050
2100 1060
2100 1070
2100 1080
2100 1090
2100 1100
2100 1110
2100 1120
2100 1130
2100 1140
2100 1150
2100 1160
2100 1170
2100 1180
2100 1190
2100 1200
2100 1210
2100 1220
2100 1230
2100 1240
2100 1250
2100 1260
2100 1270
2100 1280
2100 1290
2100 1300
2100 1310
2100 1320
2100 1330
2100 1340
2100 1350
2100 1360
2100 1370
2100 1380
2100 1390
2100 1400
2100 1410
2100 1420
2100 1430
2100 1440
2100 1450
2100 1460
2100 1470
2100 1480
2100 1490
2100 1500
2100 1510
2100 1520
2100 1530
2100 1540
2100 1550
2100 1560
2100 1570
2100 1580
2100 1590
2100 1600
2100 1610
2100 1620
2100 1630
2100 1640
2100 1650
2100 1660
2100 1670
2100 1680
2100 1690
2100 1700
2100 1710
2100 1720
2100 1730
2100 1740
2100 1750
2100 1760
2100 1770
2100 1780
2100 1790
2100 1800
2100 1810
2100 1820
2100 1830
2100 1840
2100 1850
2100 1860
2100 1870
2100 1880
2100 1890
2100 1900
2100 1910
2100 1920
2100 1930
2100 1940
2100 1950
2100 1960
2100 1970
2100 1980
2100 1990
2100 2000
2100 2010
2100 2020
2100 2030
2100 2040
2100 2050
2100 2060
2100 2070
2100 2080
2100 2090
2100 2100
2100 2110
2100 2120
2100 2130
2100 2140
2100 2150
2100 2160
2100 2170
2100 2180
2100 2190
2100 2200
2100 2210
2100 2220
2100 2230
2100 2240
2100 2250
2100 2260
2100 2270
2100 2280
2100 2290
2100 2300
2100 2310
2100 2320
2100 2330
2100 2340
2100 2350
2100 2360
2100 2370
2100 2380
2100 2390
2100 2400
2100 2410
2100 2420
2100 2430
2100 2440
2100 2450
2100 2460
2100 2470
2100 2480
2100 2490
2100 2500
2100 2510
2100 2520
2100 2530
2100 2540
2100 2550
2100 2560
2100 2570
2100 2580
2100 2590
2100 2600
2100 2610
2100 2620
2100 2630
2100 2640
2100 2650
2100 2660
2100 2670
2100 2680
2100 2690
2100 2700
2100 2710
2100 2720
2100 2730
2100 2740
2100 2750
2100 2760
2100 2770
2100 2780
2100 2790
2100 2800
2100 2810
2100 2820
2100 2830
2100 2840
2100 2850
2100 2860
2100 2870
2100 2880
2100 2890
2100 2900
2100 2910
2100 2920
2100 2930
2100 2940
2100 2950
2100 2960
2100 2970
2100 2980
2100 2990
2100 3000
2200 0
2200 10
2200 20
2200 30
2200 40
2200 50
2200 60
2200 70
2200 80
2200 90
2200 100
2200 110
2200 120
2200 130
2200 140
2200 150
2200 160
2200 170
2200 180
2200 190
2200 200
2200 210
2200 220
2200 230
2200 240
2200 250
2200 260
2200 270
2200 280
2200 290
2200 300
2200 310
2200 320
2200 330
2200 340
2200 350
2200 360
2200 370
2200 380
2200 390
2200 400
2200 410
2200 420
2200 430
2200 440
2200 450
2200 460
2200 470
2200 480
2200 490
2200 500
2200 510
2200 520
2200 530
2200 540
2200 550
2200 560
2200 570
2200 580
2200 590
2200 600
2200 610
2200 620
2200 630
2200 640
2200 650
2200 660
2200 670
2200 680
2200 690
2200 700
2200 710
2200 720
2200 730
2200 740
2200 750
2200 760
2200 770
2200 780
2200 790
2200 800
2200 810
2200 820
2200 830
2200 840
2200 850
2200 860
2200 870
2200 880
2200 890
2200 900
2200 910
2200 920
2200 930
2200 940
2200 950
2200 960
2200 970
2200 980
2200 990
2200 1000
2200 1010
2200 1020
2200 1030
2200 1040
2200 1050
2200 1060
2200 1070
2200 1080
2200 1090
2200 1100
2200 1110
2200 1120
2200 1130
2200 1140
2200 1150
2200 1160
2200 1170
2200 1180
2200 1190
2200 1200
2200 1210
2200 1220
2200 1230
2200 1240
2200 1250
2200 1260
2200 1270
2200 1280
2200 1290
2200 1300
2200 1310
2200 1320
2200 1330
2200 1340
2200 1350
2200 1360
2200 1370
2200 1380
2200 1390
2200 1400
2200 1410
2200 1420
2200 1430
2200 1440
2200 1450
2200 1460
2200 1470
2200 1480
2200 1490
2200 1500
2200 1510
2200 1520
2200 1530
2200 1540
2200 1550
2200 1560
2200 1570
2200 1580
2200 1590
2200 1600
2200 1610
2200 1620
2200 1630
2200 1640
2200 1650
2200 1660
2200 1670
2200 1680
2200 1690
2200 1700
2200 1710
2200 1720
2200 1730
2200 1740
2200 1750
2200 1760
2200 1770
2200 1780
2200 1790
2200 1800
2200 1810
2200 1820
2200 1830
2200 1840
2200 1850
2200 1860
2200 1870
2200 1880
2200 1890
2200 1900
2200 1910
2200 1920
2200 1930
2200 1940
2200 1950
2200 1960
2200 1970
2200 1980
2200 1990
2200 2000
2200 2010
2200 2020
2200 2030
2200 2040
2200 2050
2200 2060
2200 2070
2200 2080
2200 2090
2200 2100
2200 2110
2200 2120
2200 2130
2200 2140
2200 2150
2200 2160
2200 2170
2200 2180
2200 2190
2200 2200
2200 2210
2200 2220
2200 2230
2200 2240
2200 2250
2200 2260
2200 2270
2200 2280
2200 2290
2200 2300
2200 2310
2200 2320
2200 2330
2200 2340
2200 2350
2200 2360
2200 2370
2200 2380
2200 2390
2200 2400
2200 2410
2200 2420
2200 2430
2200 2440
2200 2450
2200 2460
2200 2470
2200 2480
2200 2490
2200 2500
2200 2510
2200 2520
2200 2530
2200 2540
2200 2550
2200 2560
2200 2570
2200 2580
2200 2590
2200 2600
2200 2610
2200 2620
2200 2630
2200 2640
2200 2650
2200 2660
2200 2670
2200 2680
2200 2690
2200 2700
2200 2710
2200 2720
2200 2730
2200 2740
2200 2750
2200 2760
2200 2770
2200 2780
2200 2790
2200 2800
2200 2810
2200 2820
2200 2830
2200 2840
2200 2850
2200 2860
2200 2870
2200 2880
2200 2890
2200 2900
2200 2910
2200 2920
2200 2930
2200 2940
2200 2950
2200 2960
2200 2970
2200 2980
2200 2990
2200 3000
2300 0
2300 10
2300 20
2300 30
2300 40
2300 50
2300 60
2300 70
2300 80
2300 90
2300 100
2300 110
2300 120
2300 130
2300 140
2300 150
2300 160
2300 170
2300 180
2300 190
2300 200
2300 210
2300 220
2300 230
2300 240
2300 250
2300 260
2300 270
2300 280
2300 290
2300 300
2300 310
2300 320
2300 330
2300 340
2300 350
2300 360
2300 370
2300 380
2300 390
2300 400
2300 410
2300 420
2300 430
2300 440
2300 450
2300 460
2300 470
2300 480
2300 490
2300 500
2300 510
2300 520
2300 530
2300 540
2300 550
2300 560
2300 570
2300 580
2300 590
2300 600
2300 610
2300 620
2300 630
2300 640
2300 650
2300 660
2300 670
2300 680
2300 690
2300 700
2300 710
2300 720
2300 730
2300 740
2300 750
2300 760
2300 770
2300 780
2300 790
2300 800
2300 810
2300 820
2300 830
2300 840
2300 850
2300 860
2300 870
2300 880
2300 890
2300 900
2300 910
2300 920
2300 930
2300 940
2300 950
2300 960
2300 970
2300 980
2300 990
2300 1000
2300 1010
2300 1020
2300 1030
2300 1040
2300 1050
2300 1060
2300 1070
2300 1080
2300 1090
2300 1100
2300 1110
2300 1120
2300 1130
2300 1140
2300 1150
2300 1160
2300 1170
2300 1180
2300 1190
2300 1200
2300 1210
2300 1220
2300 1230
2300 1240
2300 1250
2300 1260
2300 1270
2300 1280
2300 1290
2300 1300
2300 1310
2300 1320
2300 1330
2300 1340
2300 1350
2300 1360
2300 1370
2300 1380
2300 1390
2300 1400
2300 1410
2300 1420
2300 1430
2300 1440
2300 1450
2300 1460
2300 1470
2300 1480
2300 1490
2300 1500
2300 1510
2300 1520
2300 1530
2300 1540
2300 1550
2300 1560
2300 1570
2300 1580
2300 1590
2300 1600
2300 1610
2300 1620
2300 1630
2300 1640
2300 1650
2300 1660
2300 1670
2300 1680
2300 1690
2300 1700
2300 1710
2300 1720
2300 1730
2300 1740
2300 1750
2300 1760
2300 1770
2300 1780
2300 1790
2300 1800
2300 1810
2300 1820
2300 1830
2300 1840
2300 1850
2300 1860
2300 1870
2300 1880
2300 1890
2300 1900
2300 1910
2300 1920
2300 1930
2300 1940
2300 1950
2300 1960
2300 1970
2300 1980
2300 1990
2300 2000
2300 2010
2300 2020
2300 2030
2300 2040
2300 2050
2300 2060
2300 2070
2300 2080
2300 2090
2300 2100
2300 2110
2300 2120
2300 2130
2300 2140
2300 2150
2300 2160
2300 2170
2300 2180
2300 2190
2300 2200
2300 2210
2300 2220
2300 2230
2300 2240
2300 2250
2300 2260
2300 2270
2300 2280
2300 2290
2300 2300
2300 2310
2300 2320
2300 2330
2300 2340
2300 2350
2300 2360
2300 2370
2300 2380
2300 2390
2300 2400
2300 2410
2300 2420
2300 2430
2300 2440
2300 2450
2300 2460
2300 2470
2300 2480
2300 2490
2300 2500
2300 2510
2300 2520
2300 2530
2300 2540
2300 2550
2300 2560
2300 2570
2300 2580
2300 2590
2300 2600
2300 2610
2300 2620
2300 2630
2300 2640
2300 2650
2300 2660
2300 2670
2300 2680
2300 2690
2300 2700
2300 2710
2300 2720
2300 2730
2300 2740
2300 2750
2300 2760
2300 2770
2300 2780
2300 2790
2300 2800
2300 2810
2300 2820
2300 2830
2300 2840
2300 2850
2300 2860
2300 2870
2300 2880
2300 2890
2300 2900
2300 2910
2300 2920
2300 2930
2300 2940
2300 2950
2300 2960
2300 2970
2300 2980
2300 2990
2300 3000
2400 0
2400 10
2400 20
2400 30
2400 40
2400 50
2400 60
2400 70
2400 80
2400 90
2400 100
2400 110
2400 120
2400 130
2400 140
2400 150
2400 160
2400 170
2400 180
2400 190
2400 200
2400 210
2400 220
2400 230
2400 240
2400 250
2400 260
2400 270
2400 280
2400 290
2400 300
2400 310
2400 320
2400 330
2400 340
2400 350
2400 360
2400 370
2400 380
2400 390
2400 400
2400 410
2400 420
2400 430
2400 440
2400 450
2400 460
2400 470
2400 480
2400 490
2400 500
2400 510
2400 520
2400 530
2400 540
2400 550
2400 560
2400 570
2400 580
2400 590
2400 600
2400 610
2400 620
2400 630
2400 640
2400 650
2400 660
2400 670
2400 680
2400 690
2400 700
2400 710
2400 720
2400 730
2400 740
2400 750
2400 760
2400 770
2400 780
2400 790
2400 800
2400 810
2400 820
2400 830
2400 840
2400 850
2400 860
2400 870
2400 880
2400 890
2400 900
2400 910
2400 920
2400 930
2400 940
2400 950
2400 960
2400 970
2400 980
2400 990
2400 1000
2400 1010
2400 1020
2400 1030
2400 1040
2400 1050
2400 1060
2400 1070
2400 1080
2400 1090
2400 1100
2400 1110
2400 1120
2400 1130
2400 1140
2400 1150
2400 1160
2400 1170
2400 1180
2400 1190
2400 1200
2400 1210
2400 1220
2400 1230
2400 1240
2400 1250
2400 1260
2400 1270
2400 1280
2400 1290
2400 1300
2400 1310
2400 1320
2400 1330
2400 1340
2400 1350
2400 1360
2400 1370
2400 1380
2400 1390
2400 1400
2400 1410
2400 1420
2400 1430
2400 1440
2400 1450
2400 1460
2400 1470
2400 1480
2400 1490
2400 1500
2400 1510
2400 1520
2400 1530
2400 1540
2400 1550
2400 1560
2400 1570
2400 1580
2400 1590
2400 1600
2400 1610
2400 1620
2400 1630
2400 1640
2400 1650
2400 1660
2400 1670
2400 1680
2400 1690
2400 1700
2400 1710
2400 1720
2400 1730
2400 1740
2400 1750
2400 1760
2400 1770
2400 1780
2400 1790
2400 1800
2400 1810
2400 1820
2400 1830
2400 1840
2400 1850
2400 1860
2400 1870
2400 1880
2400 1890
2400 1900
2400 1910
2400 1920
2400 1930
2400 1940
2400 1950
2400 1960
2400 1970
2400 1980
2400 1990
2400 2000
2400 2010
2400 2020
2400 2030
2400 2040
2400 2050
2400 2060
2400 2070
2400 2080
2400 2090
2400 2100
2400 2110
2400 2120
2400 2130
2400 2140
2400 2150
2400 2160
2400 2170
2400 2180
2400 2190
2400 2200
2400 2210
2400 2220
2400 2230
2400 2240
2400 2250
2400 2260
2400 2270
2400 2280
2400 2290
2400 2300
2400 2310
2400 2320
2400 2330
2400 2340
2400 2350
2400 2360
2400 2370
2400 2380
2400 2390
2400 2400
2400 2410
2400 2420
2400 2430
2400 2440
2400 2450
2400 2460
2400 2470
2400 2480
2400 2490
2400 2500
2400 2510
2400 2520
2400 2530
2400 2540
2400 2550
2400 2560
2400 2570
2400 2580
2400 2590
2400 2600
2400 2610
2400 2620
2400 2630
2400 2640
2400 2650
2400 2660
2400 2670
2400 2680
2400 2690
2400 2700
2400 2710
2400 2720
2400 2730
2400 2740
2400 2750
2400 2760
2400 2770
2400 2780
2400 2790
2400 2800
2400 2810
2400 2820
2400 2830
2400 2840
2400 2850
2400 2860
2400 2870
2400 2880
2400 2890
2400 2900
2400 2910
2400 2920
2400 2930
2400 2940
2400 2950
2400 2960
2400 2970
2400 2980
2400 2990
2400 3000
2500 0
2500 10
2500 20
2500 30
2500 40
2500 50
2500 60
2500 70
2500 80
2500 90
2500 100
2500 110
2500 120
2500 130
2500 140
2500 150
2500 160
2500 170
2500 180
2500 190
2500 200
2500 210
2500 220
2500 230
2500 240
2500 250
2500 260
2500 270
2500 280
2500 290
2500 300
2500 310
2500 320
2500 330
2500 340
2500 350
2500 360
2500 370
2500 380
2500 390
2500 400
2500 410
2500 420
2500 430
2500 440
2500 450
2500 460
2500 470
2500 480
2500 490
2500 500
2500 510
2500 520
2500 530
2500 540
2500 550
2500 560
2500 570
2500 580
2500 590
2500 600
2500 610
2500 620
2500 630
2500 640
2500 650
2500 660
2500 670
2500 680
2500 690
2500 700
2500 710
2500 720
2500 730
2500 740
2500 750
2500 760
2500 770
2500 780
2500 790
2500 800
2500 810
2500 820
2500 830
2500 840
2500 850
2500 860
2500 870
2500 880
2500 890
2500 900
2500 910
2500 920
2500 930
2500 940
2500 950
2500 960
2500 970
2500 980
2500 990
2500 1000
2500 1010
2500 1020
2500 1030
2500 1040
2500 1050
2500 1060
2500 1070
2500 1080
2500 1090
2500 1100
2500 1110
2500 1120
2500 1130
2500 1140
2500 1150
2500 1160
2500 1170
2500 1180
2500 1190
2500 1200
2500 1210
2500 1220
2500 1230
2500 1240
2500 1250
2500 1260
2500 1270
2500 1280
2500 1290
2500 1300
2500 1310
2500 1320
2500 1330
2500 1340
2500 1350
2500 1360
2500 1370
2500 1380
2500 1390
2500 1400
2500 1410
2500 1420
2500 1430
2500 1440
2500 1450
2500 1460
2500 1470
2500 1480
2500 1490
2500 1500
2500 1510
2500 1520
2500 1530
2500 1540
2500 1550
2500 1560
2500 1570
2500 1580
2500 1590
2500 1600
2500 1610
2500 1620
2500 1630
2500 1640
2500 1650
2500 1660
2500 1670
2500 1680
2500 1690
2500 1700
2500 1710
2500 1720
2500 1730
2500 1740
2500 1750
2500 1760
2500 1770
2500 1780
2500 1790
2500 1800
2500 1810
2500 1820
2500 1830
2500 1840
2500 1850
2500 1860
2500 1870
2500 1880
2500 1890
2500 1900
2500 1910
2500 1920
2500 1930
2500 1940
2500 1950
2500 1960
2500 1970
2500 1980
2500 1990
2500 2000
2500 2010
2500 2020
2500 2030
2500 2040
2500 2050
2500 2060
2500 2070
2500 2080
2500 2090
2500 2100
2500 2110
2500 2120
2500 2130
2500 2140
2500 2150
2500 2160
2500 2170
2500 2180
2500 2190
2500 2200
2500 2210
2500 2220
2500 2230
2500 2240
2500 2250
2500 2260
2500 2270
2500 2280
2500 2290
2500 2300
2500 2310
2500 2320
2500 2330
2500 2340
2500 2350
2500 2360
2500 2370
2500 2380
2500 2390
2500 2400
2500 2410
2500 2420
2500 2430
2500 2440
2500 2450
2500 2460
2500 2470
2500 2480
2500 2490
2500 2500
2500 2510
2500 2520
2500 2530
2500 2540
2500 2550
2500 2560
2500 2570
2500 2580
2500 2590
2500 2600
2500 2610
2500 2620
2500 2630
2500 2640
2500 2650
2500 2660
2500 2670
2500 2680
2500 2690
2500 2700
2500 2710
2500 2720
2500 2730
2500 2740
2500 2750
2500 2760
2500 2770
2500 2780
2500 2790
2500 2800
2500 2810
2500 2820
2500 2830
2500 2840
2500 2850
2500 2860
2500 2870
2500 2880
2500 2890
2500 2900
2500 2910
2500 2920
2500 2930
2500 2940
2500 2950
2500 2960
2500 2970
2500 2980
2500 2990
2500 3000
2600 0
2600 10
2600 20
2600 30
2600 40
2600 50
2600 60
2600 70
2600 80
2600 90
2600 100
2600 110
2600 120
2600 130
2600 140
2600 150
2600 160
2600 170
2600 180
2600 190
2600 200
2600 210
2600 220
2600 230
2600 240
2600 250
2600 260
2600 270
2600 280
2600 290
2600 300
2600 310
2600 320
2600 330
2600 340
2600 350
2600 360
2600 370
2600 380
2600 390
2600 400
2600 410
2600 420
2600 430
2600 440
2600 450
2600 460
2600 470
2600 480
2600 490
2600 500
2600 510
2600 520
2600 530
2600 540
2600 550
2600 560
2600 570
2600 580
2600 590
2600 600
2600 610
2600 620
2600 630
2600 640
2600 650
2600 660
2600 670
2600 680
2600 690
2600 700
2600 710
2600 720
2600 730
2600 740
2600 750
2600 760
2600 770
2600 780
2600 790
2600 800
2600 810
2600 820
2600 830
2600 840
2600 850
2600 860
2600 870
2600 880
2600 890
2600 900
2600 910
2600 920
2600 930
2600 940
2600 950
2600 960
2600 970
2600 980
2600 990
2600 1000
2600 1010
2600 1020
2600 1030
2600 1040
2600 1050
2600 1060
2600 1070
2600 1080
2600 1090
2600 1100
2600 1110
2600 1120
2600 1130
2600 1140
2600 1150
2600 1160
2600 1170
2600 1180
2600 1190
2600 1200
2600 1210
2600 1220
2600 1230
2600 1240
2600 1250
2600 1260
2600 1270
2600 1280
2600 1290
2600 1300
2600 1310
2600 1320
2600 1330
2600 1340
2600 1350
2600 1360
2600 1370
2600 1380
2600 1390
2600 1400
2600 1410
2600 1420
2600 1430
2600 1440
2600 1450
2600 1460
2600 1470
2600 1480
2600 1490
2600 1500
2600 1510
2600 1520
2600 1530
2600 1540
2600 1550
2600 1560
2600 1570
2600 1580
2600 1590
2600 1600
2600 1610
2600 1620
2600 1630
2600 1640
2600 1650
2600 1660
2600 1670
2600 1680
2600 1690
2600 1700
2600 1710
2600 1720
2600 1730
2600 1740
2600 1750
2600 1760
2600 1770
2600 1780
2600 1790
2600 1800
2600 1810
2600 1820
2600 1830
2600 1840
2600 1850
2600 1860
2600 1870
2600 1880
2600 1890
2600 1900
2600 1910
2600 1920
2600 1930
2600 1940
2600 1950
2600 1960
2600 1970
2600 1980
2600 1990
2600 2000
2600 2010
2600 2020
2600 2030
2600 2040
2600 2050
2600 2060
2600 2070
2600 2080
2600 2090
2600 2100
2600 2110
2600 2120
2600 2130
2600 2140
2600 2150
2600 2160
2600 2170
2600 2180
2600 2190
2600 2200
2600 2210
2600 2220
2600 2230
2600 2240
2600 2250
2600 2260
2600 2270
2600 2280
2600 2290
2600 2300
2600 2310
2600 2320
2600 2330
2600 2340
2600 2350
2600 2360
2600 2370
2600 2380
2600 2390
2600 2400
2600 2410
2600 2420
2600 2430
2600 2440
2600 2450
2600 2460
2600 2470
2600 2480
2600 2490
2600 2500
2600 2510
2600 2520
2600 2530
2600 2540
2600 2550
2600 2560
2600 2570
2600 2580
2600 2590
2600 2600
2600 2610
2600 2620
2600 2630
2600 2640
2600 2650
2600 2660
2600 2670
2600 2680
2600 2690
2600 2700
2600 2710
2600 2720
2600 2730
2600 2740
2600 2750
2600 2760
2600 2770
2600 2780
2600 2790
2600 2800
2600 2810
2600 2820
2600 2830
2600 2840
2600 2850
2600 2860
2600 2870
2600 2880
2600 2890
2600 2900
2600 2910
2600 2920
2600 2930
2600 2940
2600 2950
2600 2960
2600 2970
2600 2980
2600 2990
2600 3000
2700 0
2700 10
2700 20
2700 30
2700 40
2700 50
2700 60
2700 70
2700 80
2700 90
2700 100
2700 110
2700 120
2700 130
2700 140
2700 150
2700 160
2700 170
2700 180
2700 190
2700 200
2700 210
2700 220
2700 230
2700 240
2700 250
2700 260
2700 270
2700 280
2700 290
2700 300
2700 310
2700 320
2700 330
2700 340
2700 350
2700 360
2700 370
2700 380
2700 390
2700 400
2700 410
2700 420
2700 430
2700 440
2700 450
2700 460
2700 470
2700 480
2700 490
2700 500
2700 510
2700 520
2700 530
2700 540
2700 550
2700 560
2700 570
2700 580
2700 590
2700 600
2700 610
2700 620
2700 630
2700 640
2700 650
2700 660
2700 670
2700 680
2700 690
2700 700
2700 710
2700 720
2700 730
2700 740
2700 750
2700 760
2700 770
2700 780
2700 790
2700 800
2700 810
2700 820
2700 830
2700 840
2700 850
2700 860
2700 870
2700 880
2700 890
2700 900
2700 910
2700 920
2700 930
2700 940
2700 950
2700 960
2700 970
2700 980
2700 990
2700 1000
2700 1010
2700 1020
2700 1030
2700 1040
2700 1050
2700 1060
2700 1070
2700 1080
2700 1090
2700 1100
2700 1110
2700 1120
2700 1130
2700 1140
2700 1150
2700 1160
2700 1170
2700 1180
2700 1190
2700 1200
2700 1210
2700 1220
2700 1230
2700 1240
2700 1250
2700 1260
2700 1270
2700 1280
2700 1290
2700 1300
2700 1310
2700 1320
2700 1330
2700 1340
2700 1350
2700 1360
2700 1370
2700 1380
2700 1390
2700 1400
2700 1410
2700 1420
2700 1430
2700 1440
2700 1450
2700 1460
2700 1470
2700 1480
2700 1490
2700 1500
2700 1510
2700 1520
2700 1530
2700 1540
2700 1550
2700 1560
2700 1570
2700 1580
2700 1590
2700 1600
2700 1610
2700 1620
2700 1630
2700 1640
2700 1650
2700 1660
2700 1670
2700 1680
2700 1690
2700 1700
2700 1710
2700 1720
2700 1730
2700 1740
2700 1750
2700 1760
2700 1770
2700 1780
2700 1790
2700 1800
2700 1810
2700 1820
2700 1830
2700 1840
2700 1850
2700 1860
2700 1870
2700 1880
2700 1890
2700 1900
2700 1910
2700 1920
2700 1930
2700 1940
2700 1950
2700 1960
2700 1970
2700 1980
2700 1990
2700 2000
2700 2010
2700 2020
2700 2030
2700 2040
2700 2050
2700 2060
2700 2070
2700 2080
2700 2090
2700 2100
2700 2110
2700 2120
2700 2130
2700 2140
2700 2150
2700 2160
2700 2170
2700 2180
2700 2190
2700 2200
2700 2210
2700 2220
2700 2230
2700 2240
2700 2250
2700 2260
2700 2270
2700 2280
2700 2290
2700 2300
2700 2310
2700 2320
2700 2330
2700 2340
2700 2350
2700 2360
2700 2370
2700 2380
2700 2390
2700 2400
2700 2410
2700 2420
2700 2430
2700 2440
2700 2450
2700 2460
2700 2470
2700 2480
2700 2490
2700 2500
2700 2510
2700 2520
2700 2530
2700 2540
2700 2550
2700 2560
2700 2570
2700 2580
2700 2590
2700 2600
2700 2610
2700 2620
2700 2630
2700 2640
2700 2650
2700 2660
2700 2670
2700 2680
2700 2690
2700 2700
2700 2710
2700 2720
2700 2730
2700 2740
2700 2750
2700 2760
2700 2770
2700 2780
2700 2790
2700 2800
2700 2810
2700 2820
2700 2830
2700 2840
2700 2850
2700 2860
2700 2870
2700 2880
2700 2890
2700 2900
2700 2910
2700 2920
2700 2930
2700 2940
2700 2950
2700 2960
2700 2970
2700 2980
2700 2990
2700 3000
2800 0
2800 10
2800 20
2800 30
2800 40
2800 50
2800 60
2800 70
2800 80
2800 90
2800 100
2800 110
2800 120
2800 130
2800 140
2800 150
2800 160
2800 170
2800 180
2800 190
2800 200
2800 210
2800 220
2800 230
2800 240
2800 250
2800 260
2800 270
2800 280
2800 290
2800 300
2800 310
2800 320
2800 330
2800 340
2800 350
2800 360
2800 370
2800 380
2800 390
2800 400
2800 410
2800 420
2800 430
2800 440
2800 450
2800 460
2800 470
2800 480
2800 490
2800 500
2800 510
2800 520
2800 530
2800 540
2800 550
2800 560
2800 570
2800 580
2800 590
2800 600
2800 610
2800 620
2800 630
2800 640
2800 650
2800 660
2800 670
2800 680
2800 690
2800 700
2800 710
2800 720
2800 730
2800 740
2800 750
2800 760
2800 770
2800 780
2800 790
2800 800
2800 810
2800 820
2800 830
2800 840
2800 850
2800 860
2800 870
2800 880
2800 890
2800 900
2800 910
2800 920
2800 930
2800 940
2800 950
2800 960
2800 970
2800 980
2800 990
2800 1000
2800 1010
2800 1020
2800 1030
2800 1040
2800 1050
2800 1060
2800 1070
2800 1080
2800 1090
2800 1100
2800 1110
2800 1120
2800 1130
2800 1140
2800 1150
2800 1160
2800 1170
2800 1180
2800 1190
2800 1200
2800 1210
2800 1220
2800 1230
2800 1240
2800 1250
2800 1260
2800 1270
2800 1280
2800 1290
2800 1300
2800 1310
2800 1320
2800 1330
2800 1340
2800 1350
2800 1360
2800 1370
2800 1380
2800 1390
2800 1400
2800 1410
2800 1420
2800 1430
2800 1440
2800 1450
2800 1460
2800 1470
2800 1480
2800 1490
2800 1500
2800 1510
2800 1520
2800 1530
2800 1540
2800 1550
2800 1560
2800 1570
2800 1580
2800 1590
2800 1600
2800 1610
2800 1620
2800 1630
2800 1640
2800 1650
2800 1660
2800 1670
2800 1680
2800 1690
2800 1700
2800 1710
2800 1720
2800 1730
2800 1740
2800 1750
2800 1760
2800 1770
2800 1780
2800 1790
2800 1800
2800 1810
2800 1820
2800 1830
2800 1840
2800 1850
2800 1860
2800 1870
2800 1880
2800 1890
2800 1900
2800 1910
2800 1920
2800 1930
2800 1940
2800 1950
2800 1960
2800 1970
2800 1980
2800 1990
2800 2000
2800 2010
2800 2020
2800 2030
2800 2040
2800 2050
2800 2060
2800 2070
2800 2080
2800 2090
2800 2100
2800 2110
2800 2120
2800 2130
2800 2140
2800 2150
2800 2160
2800 2170
2800 2180
2800 2190
2800 2200
2800 2210
2800 2220
2800 2230
2800 2240
2800 2250
2800 2260
2800 2270
2800 2280
2800 2290
2800 2300
2800 2310
2800 2320
2800 2330
2800 2340
2800 2350
2800 2360
2800 2370
2800 2380
2800 2390
2800 2400
2800 2410
2800 2420
2800 2430
2800 2440
2800 2450
2800 2460
2800 2470
2800 2480
2800 2490
2800 2500
2800 2510
2800 2520
2800 2530
2800 2540
2800 2550
2800 2560
2800 2570
2800 2580
2800 2590
2800 2600
2800 2610
2800 2620
2800 2630
2800 2640
2800 2650
2800 2660
2800 2670
2800 2680
2800 2690
2800 2700
2800 2710
2800 2720
2800 2730
2800 2740
2800 2750
2800 2760
2800 2770
2800 2780
2800 2790
2800 2800
2800 2810
2800 2820
2800 2830
2800 2840
2800 2850
2800 2860
2800 2870
2800 2880
2800 2890
2800 2900
2800 2910
2800 2920
2800 2930
2800 2940
2800 2950
2800 2960
2800 2970
2800 2980
2800 2990
2800 3000
2900 0
2900 10
2900 20
2900 30
2900 40
2900 50
2900 60
2900 70
2900 80
2900 90
2900 100
2900 110
2900 120
2900 130
2900 140
2900 150
2900 160
2900 170
2900 180
2900 190
2900 200
2900 210
2900 220
2900 230
2900 240
2900 250
2900 260
2900 270
2900 280
2900 290
2900 300
2900 310
2900 320
2900 330
2900 340
2900 350
2900 360
2900 370
2900 380
2900 390
2900 400
2900 410
2900 420
2900 430
2900 440
2900 450
2900 460
2900 470
2900 480
2900 490
2900 500
2900 510
2900 520
2900 530
2900 540
2900 550
2900 560
2900 570
2900 580
2900 590
2900 600
2900 610
2900 620
2900 630
2900 640
2900 650
2900 660
2900 670
2900 680
2900 690
2900 700
2900 710
2900 720
2900 730
2900 740
2900 750
2900 760
2900 770
2900 780
2900 790
2900 800
2900 810
2900 820
2900 830
2900 840
2900 850
2900 860
2900 870
2900 880
2900 890
2900 900
2900 910
2900 920
2900 930
2900 940
2900 950
2900 960
2900 970
2900 980
2900 990
2900 1000
2900 1010
2900 1020
2900 1030
2900 1040
2900 1050
2900 1060
2900 1070
2900 1080
2900 1090
2900 1100
2900 1110
2900 1120
2900 1130
2900 1140
2900 1150
2900 1160
2900 1170
2900 1180
2900 1190
2900 1200
2900 1210
2900 1220
2900 1230
2900 1240
2900 1250
2900 1260
2900 1270
2900 1280
2900 1290
2900 1300
2900 1310
2900 1320
2900 1330
2900 1340
2900 1350
2900 1360
2900 1370
2900 1380
2900 1390
2900 1400
2900 1410
2900 1420
2900 1430
2900 1440
2900 1450
2900 1460
2900 1470
2900 1480
2900 1490
2900 1500
2900 1510
2900 1520
2900 1530
2900 1540
2900 1550
2900 1560
2900 1570
2900 1580
2900 1590
2900 1600
2900 1610
2900 1620
2900 1630
2900 1640
2900 1650
2900 1660
2900 1670
2900 1680
2900 1690
2900 1700
2900 1710
2900 1720
2900 1730
2900 1740
2900 1750
2900 1760
2900 1770
2900 1780
2900 1790
2900 1800
2900 1810
2900 1820
2900 1830
2900 1840
2900 1850
2900 1860
2900 1870
2900 1880
2900 1890
2900 1900
2900 1910
2900 1920
2900 1930
2900 1940
2900 1950
2900 1960
2900 1970
2900 1980
2900 1990
2900 2000
2900 2010
2900 2020
2900 2030
2900 2040
2900 2050
2900 2060
2900 2070
2900 2080
2900 2090
2900 2100
2900 2110
2900 2120
2900 2130
2900 2140
2900 2150
2900 2160
2900 2170
2900 2180
2900 2190
2900 2200
2900 2210
2900 2220
2900 2230
2900 2240
2900 2250
2900 2260
2900 2270
2900 2280
2900 2290
2900 2300
2900 2310
2900 2320
2900 2330
2900 2340
2900 2350
2900 2360
2900 2370
2900 2380
2900 2390
2900 2400
2900 2410
2900 2420
2900 2430
2900 2440
2900 2450
2900 2460
2900 2470
2900 2480
2900 2490
2900 2500
2900 2510
2900 2520
2900 2530
2900 2540
2900 2550
2900 2560
2900 2570
2900 2580
2900 2590
2900 2600
2900 2610
2900 2620
2900 2630
2900 2640
2900 2650
2900 2660
2900 2670
2900 2680
2900 2690
2900 2700
2900 2710
2900 2720
2900 2730
2900 2740
2900 2750
2900 2760
2900 2770
2900 2780
2900 2790
2900 2800
2900 2810
2900 2820
2900 2830
2900 2840
2900 2850
2900 2860
2900 2870
2900 2880
2900 2890
2900 2900
2900 2910
2900 2920
2900 2930
2900 2940
2900 2950
2900 2960
2900 2970
2900 2980
2900 2990
2900 3000
3000 0
3000 10
3000 20
3000 30
3000 40
3000 50
3000 60
3000 70
3000 80
3000 90
3000 100
3000 110
3000 120
3000 130
3000 140
3000 150
3000 160
3000 170
3000 180
3000 190
3000 200
3000 210
3000 220
3000 230
3000 240
3000 250
3000 260
3000 270
3000 280
3000 290
3000 300
3000 310
3000 320
3000 330
3000 340
3000 350
3000 360
3000 370
3000 380
3000 390
3000 400
3000 410
3000 420
3000 430
3000 440
3000 450
3000 460
3000 470
3000 480
3000 490
3000 500
3000 510
3000 520
3000 530
3000 540
3000 550
3000 560
3000 570
3000 580
3000 590
3000 600
3000 610
3000 620
3000 630
3000 640
3000 650
3000 660
3000 670
3000 680
3000 690
3000 700
3000 710
3000 720
3000 730
3000 740
3000 750
3000 760
3000 770
3000 780
3000 790
3000 800
3000 810
3000 820
3000 830
3000 840
3000 850
3000 860
3000 870
3000 880
3000 890
3000 900
3000 910
3000 920
3000 930
3000 940
3000 950
3000 960
3000 970
3000 980
3000 990
3000 1000
3000 1010
3000 1020
3000 1030
3000 1040
3000 1050
3000 1060
3000 1070
3000 1080
3000 1090
3000 1100
3000 1110
3000 1120
3000 1130
3000 1140
3000 1150
3000 1160
3000 1170
3000 1180
3000 1190
3000 1200
3000 1210
3000 1220
3000 1230
3000 1240
3000 1250
3000 1260
3000 1270
3000 1280
3000 1290
3000 1300
3000 1310
3000 1320
3000 1330
3000 1340
3000 1350
3000 1360
3000 1370
3000 1380
3000 1390
3000 1400
3000 1410
3000 1420
3000 1430
3000 1440
3000 1450
3000 1460
3000 1470
3000 1480
3000 1490
3000 1500
3000 1510
3000 1520
3000 1530
3000 1540
3000 1550
3000 1560
3000 1570
3000 1580
3000 1590
3000 1600
3000 1610
3000 1620
3000 1630
3000 1640
3000 1650
3000 1660
3000 1670
3000 1680
3000 1690
3000 1700
3000 1710
3000 1720
3000 1730
3000 1740
3000 1750
3000 1760
3000 1770
3000 1780
3000 1790
3000 1800
3000 1810
3000 1820
3000 1830
3000 1840
3000 1850
3000 1860
3000 1870
3000 1880
3000 1890
3000 1900
3000 1910
3000 1920
3000 1930
3000 1940
3000 1950
3000 1960
3000 1970
3000 1980
3000 1990
3000 2000
3000 2010
3000 2020
3000 2030
3000 2040
3000 2050
3000 2060
3000 2070
3000 2080
3000 2090
3000 2100
3000 2110
3000 2120
3000 2130
3000 2140
3000 2150
3000 2160
3000 2170
3000 2180
3000 2190
3000 2200
3000 2210
3000 2220
3000 2230
3000 2240
3000 2250
3000 2260
3000 2270
3000 2280
3000 2290
3000 2300
3000 2310
3000 2320
3000 2330
3000 2340
3000 2350
3000 2360
3000 2370
3000 2380
3000 2390
3000 2400
3000 2410
3000 2420
3000 2430
3000 2440
3000 2450
3000 2460
3000 2470
3000 2480
3000 2490
3000 2500
3000 2510
3000 2520
3000 2530
3000 2540
3000 2550
3000 2560
3000 2570
3000 2580
3000 2590
3000 2600
3000 2610
3000 2620
3000 2630
3000 2640
3000 2650
3000 2660
3000 2670
3000 2680
3000 2690
3000 2700
3000 2710
3000 2720
3000 2730
3000 2740
3000 2750
3000 2760
3000 2770
3000 2780
3000 2790
3000 2800
3000 2810
3000 2820
3000 2830
3000 2840
3000 2850
3000 2860
3000 2870
3000 2880
3000 2890
3000 2900
3000 2910
3000 2920
3000 2930
3000 2940
3000 2950
3000 2960
3000 2970
3000 2980
3000 2990
3000 3000
100 0
