500000000000000000 (666666666333333334, 1000000000000000000) (-1000000000000000000, -16666667189) (-1000000000000000000, 500000000000000000):(666666666333333334, -16666667189)
250000000000000000 (333333333000000000, 1000000000000000000) (-1000000000000000000, -8333333578) (-1000000000000000000, 250000000000000000):(333333333000000000, -8333333578)
125000000000000000 (166666666333333334, 1000000000000000000) (-1000000000000000000, -4166666773) (-1000000000000000000, 125000000000000000):(166666666333333334, -4166666773)
62500000000000000 (83333333000000000, 1000000000000000000) (-1000000000000000000, -2083333370) (-1000000000000000000, 62500000000000000):(83333333000000000, -2083333370)
31250000000000000 (41666666333333334, 1000000000000000000) (-1000000000000000000, -1041666669) (-1000000000000000000, 31250000000000000):(41666666333333334, -1041666669)
15625000000000000 (20833333000000000, 1000000000000000000) (-1000000000000000000, -520833318) (-1000000000000000000, 15625000000000000):(20833333000000000, -520833318)
7812500000000000 (10416666333333334, 1000000000000000000) (-1000000000000000000, -260416643) (-1000000000000000000, 7812500000000000):(10416666333333334, -260416643)
3906250000000000 (5208333000000000, 1000000000000000000) (-1000000000000000000, -130208305) (-1000000000000000000, 3906250000000000):(5208333000000000, -130208305)
1953125000000000 (2604166333333334, 1000000000000000000) (-1000000000000000000, -65104136) (-1000000000000000000, 1953125000000000):(2604166333333334, -65104136)
976562500000000 (1302083000000000, 1000000000000000000) (-1000000000000000000, -32552052) (-1000000000000000000, 976562500000000):(1302083000000000, -32552052)
488281250000000 (651041333333334, 1000000000000000000) (-1000000000000000000, -16276009) (-1000000000000000000, 488281250000000):(651041333333334, -16276009)
244140625000000 (325520500000000, 1000000000000000000) (-1000000000000000000, -8137988) (-1000000000000000000, 244140625000000):(325520500000000, -8137988)
122070312500000 (162760083333334, 1000000000000000000) (-1000000000000000000, -4068978) (-1000000000000000000, 122070312500000):(162760083333334, -4068978)
61035156250000 (81379875000000, 1000000000000000000) (-1000000000000000000, -2034472) (-1000000000000000000, 61035156250000):(81379875000000, -2034472)
30517578125000 (40689770833334, 1000000000000000000) (-1000000000000000000, -1017220) (-1000000000000000000, 30517578125000):(40689770833334, -1017220)
15258789062500 (20344718750000, 1000000000000000000) (-1000000000000000000, -508593) (-1000000000000000000, 15258789062500):(20344718750000, -508593)
7629394531250 (10172192708334, 1000000000000000000) (-1000000000000000000, -254280) (-1000000000000000000, 7629394531250):(10172192708334, -254280)
3814697265625 (5085929687500, 1000000000000000000) (-1000000000000000000, -127124) (-1000000000000000000, 3814697265625):(5085929687500, -127124)
1907348632812 (2542798177083, 1000000000000000000) (-1000000000000000000, -63545) (-1000000000000000000, 1907348632812):(2542798177083, -63545)
953674316406 (1271232421875, 1000000000000000000) (-1000000000000000000, -31756) (-1000000000000000000, 953674316406):(1271232421875, -31756)
476837158203 (635449544271, 1000000000000000000) (-1000000000000000000, -15862) (-1000000000000000000, 476837158203):(635449544271, -15862)
238418579101 (317558105468, 1000000000000000000) (-1000000000000000000, -7914) (-1000000000000000000, 238418579101):(317558105468, -7914)
119209289550 (158612386067, 1000000000000000000) (-1000000000000000000, -3941) (-1000000000000000000, 119209289550):(158612386067, -3941)
59604644775 (79139526367, 1000000000000000000) (-1000000000000000000, -1954) (-1000000000000000000, 59604644775):(79139526367, -1954)
29802322387 (39403096516, 1000000000000000000) (-1000000000000000000, -961) (-1000000000000000000, 29802322387):(39403096516, -961)
14901161193 (19534881591, 1000000000000000000) (-1000000000000000000, -464) (-1000000000000000000, 14901161193):(19534881591, -464)
7450580596 (9600774128, 1000000000000000000) (-1000000000000000000, -216) (-1000000000000000000, 7450580596):(9600774128, -216)
3725290298 (4633720398, 1000000000000000000) (-1000000000000000000, -91) (-1000000000000000000, 3725290298):(4633720398, -91)
1862645149 (2150193532, 1000000000000000000) (-1000000000000000000, -29) (-1000000000000000000, 1862645149):(2150193532, -29)
931322574 (908430099, 1000000000000000000) (-1000000000000000000, 2) (-1000000000000000000, 931322574):(908430099, 2)
465661287 (287548383, 1000000000000000000) (-1000000000000000000, 17) (-1000000000000000000, 465661287):(287548383, 17)
232830643 (-22892476, 1000000000000000000) (-1000000000000000000, 25) (-1000000000000000000, 232830643):(0, 25)
349245965 (132327954, 1000000000000000000) (-1000000000000000000, 21) (-1000000000000000000, 349245965):(132327954, 21)
291038304 (54717739, 1000000000000000000) (-1000000000000000000, 23) (-1000000000000000000, 291038304):(54717739, 23)
261934473 (15912631, 1000000000000000000) (-1000000000000000000, 24) (-1000000000000000000, 261934473):(15912631, 24)
247382558 (-3489922, 1000000000000000000) (-1000000000000000000, 25) (-1000000000000000000, 247382558):(0, 25)
254658515 (6211354, 1000000000000000000) (-1000000000000000000, 24) (-1000000000000000000, 254658515):(6211354, 24)
251020536 (1360715, 1000000000000000000) (-1000000000000000000, 24) (-1000000000000000000, 251020536):(1360715, 24)
249201547 (-1064604, 1000000000000000000) (-1000000000000000000, 25) (-1000000000000000000, 249201547):(0, 25)
250111041 (148055, 1000000000000000000) (-1000000000000000000, 24) (-1000000000000000000, 250111041):(148055, 24)
249656294 (-458274, 1000000000000000000) (-1000000000000000000, 25) (-1000000000000000000, 249656294):(0, 25)
249883667 (-155110, 1000000000000000000) (-1000000000000000000, 25) (-1000000000000000000, 249883667):(0, 25)
249997354 (-3528, 1000000000000000000) (-1000000000000000000, 25) (-1000000000000000000, 249997354):(0, 25)
250054197 (72263, 1000000000000000000) (-1000000000000000000, 24) (-1000000000000000000, 250054197):(72263, 24)
250025775 (34367, 1000000000000000000) (-1000000000000000000, 24) (-1000000000000000000, 250025775):(34367, 24)
250011564 (15419, 1000000000000000000) (-1000000000000000000, 24) (-1000000000000000000, 250011564):(15419, 24)
250004459 (5946, 1000000000000000000) (-1000000000000000000, 24) (-1000000000000000000, 250004459):(5946, 24)
250000906 (1208, 1000000000000000000) (-1000000000000000000, 24) (-1000000000000000000, 250000906):(1208, 24)
249999130 (-1160, 1000000000000000000) (-1000000000000000000, 25) (-1000000000000000000, 249999130):(0, 25)
250000018 (24, 1000000000000000000) (-1000000000000000000, 25) (-1000000000000000000, 250000018):(24, 25)
250000462 (616, 1000000000000000000) (-1000000000000000000, 24) (-1000000000000000000, 250000462):(616, 24)
250000240 (320, 1000000000000000000) (-1000000000000000000, 24) (-1000000000000000000, 250000240):(320, 24)
250000129 (172, 1000000000000000000) (-1000000000000000000, 24) (-1000000000000000000, 250000129):(172, 24)
250000073 (98, 1000000000000000000) (-1000000000000000000, 24) (-1000000000000000000, 250000073):(98, 24)
250000045 (60, 1000000000000000000) (-1000000000000000000, 24) (-1000000000000000000, 250000045):(60, 24)
250000031 (42, 1000000000000000000) (-1000000000000000000, 24) (-1000000000000000000, 250000031):(42, 24)
250000024 (32, 1000000000000000000) (-1000000000000000000, 25) (-1000000000000000000, 250000024):(32, 25)
250000021 (28, 1000000000000000000) (-1000000000000000000, 25) (-1000000000000000000, 250000021):(28, 25)
250000019 (26, 1000000000000000000) (-1000000000000000000, 25) (-1000000000000000000, 250000019):(26, 25)
250000018
