2#t1 
0 1 123456
9 2 61728
18 4 30864
27 8 15432
36 16 7716
45 32 3858
54 64 1929
63 128 965
72 256 483
81 512 242
90 1024 121
99 2048 61
108 4096 31
117 8192 16
126 16384 8
135 32768 4
144 65536 2
146
end
3#t1 
0 1 123456
10 3 41152
20 9 13718
30 27 4573
40 81 1525
50 243 509
60 729 170
70 2187 57
80 6561 19
90 19683 7
100 59049 3
103
end
4#t1 
0 1 123456
11 4 30864
22 16 7716
33 64 1929
44 256 483
55 1024 121
66 4096 31
77 16384 8
88 65536 2
90
end
5#t1 
0 1 123456
12 5 24692
24 25 4939
36 125 988
48 625 198
60 3125 40
72 15625 8
84 78125 2
86
end
6#t1 
0 1 123456
13 6 20576
26 36 3430
39 216 572
52 1296 96
65 7776 16
78 46656 3
81
end
7#t1 
0 1 123456
14 7 17637
28 49 2520
42 343 360
56 2401 52
70 16807 8
84 117649 2
86
end
8#t1 
0 1 123456
15 8 15432
30 64 1929
45 512 242
60 4096 31
75 32768 4
79
end
9#t1 
0 1 123456
16 9 13718
32 81 1525
48 729 170
64 6561 19
80 59049 3
83
end
